1000 100000
652 817
751 217
644 99
550 111
925 882
617 580
763 708
988 277
698 896
451 547
360 396
555 898
297 790
581 361
491 902
405 59
790 740
62 910
154 971
696 550
982 249
203 124
228 541
212 494
720 327
967 187
454 478
892 334
186 150
655 800
912 810
657 726
100 310
505 590
335 86
749 798
202 708
723 228
862 29
153 33
32 832
776 977
672 483
198 817
305 69
408 746
212 588
688 887
876 840
551 289
711 967
403 592
43 899
155 533
745 411
906 793
34 524
997 367
21 168
924 605
830 93
62 154
55 617
66 570
92 729
213 623
3 641
138 778
148 961
15 820
765 807
732 110
937 352
521 566
449 463
119 950
503 508
396 34
218 656
665 885
465 769
129 966
71 734
833 322
977 694
222 584
615 347
741 742
710 483
352 810
632 655
9 94
744 870
52 254
838 373
958 380
846 186
885 47
532 652
74 983
758 353
73 865
106 561
306 523
992 125
915 254
535 268
453 38
422 854
496 208
579 38
292 319
108 275
279 836
35 196
114 996
478 459
257 121
828 261
145 903
490 494
116 901
534 729
38 685
661 739
474 787
343 43
919 242
825 464
407 826
38 229
530 299
271 516
659 811
24 561
742 343
637 416
350 711
320 521
909 104
235 192
153 128
85 572
44 43
756 432
321 931
44 371
587 56
123 789
198 905
517 833
186 488
413 706
164 805
694 961
912 392
465 919
638 160
35 879
472 739
302 723
162 266
184 868
564 854
394 61
461 980
428 730
565 923
904 672
469 220
575 511
444 933
970 458
811 853
830 817
55 587
305 528
799 770
823 738
564 807
241 237
138 238
700 723
86 505
937 411
355 509
849 391
120 120
339 677
326 242
630 119
882 969
237 576
771 381
662 927
745 777
678 946
812 584
287 533
806 177
48 892
24 123
74 941
793 919
37 970
476 984
527 881
445 806
458 183
708 794
26 758
172 512
351 507
29 66
806 167
793 994
731 552
226 27
664 693
528 776
822 523
630 135
873 709
461 3
214 670
48 611
21 500
463 703
716 819
480 13
96 708
405 689
59 968
959 403
402 81
667 838
394 65
233 154
903 879
907 926
495 602
829 710
323 887
784 873
45 297
53 33
614 789
927 572
314 181
625 565
346 874
371 218
509 94
364 102
927 396
509 879
537 225
907 883
909 583
807 137
707 79
727 133
129 1000
77 911
653 789
585 304
354 668
971 642
656 876
696 221
790 230
530 38
692 449
208 868
45 479
679 142
164 771
210 392
488 695
612 49
773 105
909 337
603 250
810 565
980 663
302 423
545 315
226 951
25 461
759 570
228 560
302 299
409 368
489 198
925 675
728 265
159 554
862 445
454 756
805 631
792 409
27 172
668 351
141 594
195 951
457 340
78 895
82 705
112 313
1 778
512 589
335 338
717 37
717 106
863 714
450 544
771 480
356 12
646 362
26 584
644 305
48 488
160 269
374 24
174 463
910 890
556 896
577 219
486 327
352 896
354 16
749 448
772 963
963 845
736 433
293 74
138 978
331 897
326 40
609 718
66 795
642 636
747 953
943 865
42 223
965 1000
889 522
689 952
291 456
997 796
33 797
452 722
520 568
253 823
101 567
591 151
931 823
760 168
729 712
916 71
758 136
813 779
736 68
347 878
707 830
355 532
986 701
878 432
538 115
309 661
787 496
175 187
768 704
596 391
303 828
195 679
703 987
816 102
489 33
846 388
862 585
465 570
243 851
950 697
344 13
964 291
268 8
972 880
139 32
549 236
942 637
814 149
115 864
638 747
952 50
937 302
846 142
328 994
685 99
757 576
611 678
262 374
372 353
742 776
797 910
138 609
747 538
847 509
295 100
662 282
652 739
548 2
870 650
850 282
813 652
439 826
267 589
803 140
464 369
188 853
551 682
433 537
502 21
278 863
864 855
792 638
372 121
626 657
137 492
598 347
757 221
2 280
337 348
846 32
914 929
245 397
442 841
495 88
591 496
513 335
724 307
91 389
629 922
987 945
633 291
485 313
205 81
25 710
966 70
866 529
470 274
380 243
743 861
514 805
511 173
286 276
782 90
407 750
549 297
130 362
687 668
415 348
372 912
740 669
845 859
60 160
933 645
705 656
148 771
752 986
709 169
431 797
530 335
926 944
423 769
674 713
619 792
432 775
702 272
261 887
159 922
730 180
257 15
227 785
242 669
209 198
996 965
903 649
175 746
322 435
205 726
93 497
369 858
998 871
788 438
380 852
304 225
327 709
373 331
870 280
486 839
947 848
296 493
550 901
919 332
712 962
877 761
269 850
57 623
734 790
755 823
63 521
333 167
861 608
333 378
834 440
155 995
783 791
661 782
229 618
252 265
97 759
2 318
72 239
731 598
99 486
452 221
805 586
487 713
444 918
862 108
646 738
701 148
637 988
969 957
369 214
108 145
57 646
831 530
273 74
87 717
692 850
682 162
887 534
882 243
437 504
531 719
837 858
122 396
573 953
908 663
909 755
381 831
704 915
686 199
674 491
260 584
691 73
787 634
23 605
822 626
617 649
26 787
398 99
909 926
912 215
96 32
743 284
76 567
678 254
534 567
640 308
967 922
717 119
783 201
460 770
807 647
907 99
504 46
450 744
887 872
19 556
934 473
726 745
698 781
51 839
465 340
737 536
436 878
273 746
956 378
866 723
78 90
982 334
983 885
493 263
660 775
892 199
155 171
625 658
396 507
39 40
103 910
632 510
24 191
44 480
432 456
139 125
84 66
209 170
213 259
861 142
885 769
432 400
128 527
317 59
175 791
624 324
401 833
191 466
379 186
960 687
70 988
136 328
249 374
648 653
120 934
919 701
508 766
967 266
484 786
672 192
498 349
420 528
409 651
891 767
458 311
496 327
752 766
774 466
940 840
300 389
675 756
423 86
917 91
773 808
903 739
876 803
141 667
932 899
555 987
890 883
602 221
458 370
907 947
706 431
117 959
504 222
58 177
132 445
911 880
649 837
679 301
198 970
974 55
397 453
356 575
434 713
239 243
777 930
343 137
371 101
640 903
302 152
746 236
651 289
90 473
578 489
873 811
187 360
309 631
694 128
965 167
388 393
945 751
868 808
661 932
377 411
49 756
282 412
180 64
239 707
470 472
3 115
828 528
133 550
76 308
347 79
677 459
215 111
158 646
956 529
73 548
106 620
270 68
479 528
93 815
58 603
768 697
447 893
328 814
956 250
194 9
169 311
381 541
745 790
631 641
769 487
902 747
836 220
544 409
772 167
553 799
661 437
905 995
59 515
668 29
255 577
82 366
989 564
282 304
141 696
551 786
243 585
377 737
688 44
814 176
56 182
265 45
799 520
666 873
496 91
929 139
587 824
94 510
423 106
380 913
384 297
865 402
231 520
772 936
706 452
484 674
495 687
463 436
281 912
810 584
156 398
284 16
673 421
253 575
573 254
918 884
514 410
355 200
786 788
673 111
283 103
85 624
494 42
720 955
198 266
923 995
148 625
899 827
440 824
561 489
587 745
492 226
785 637
165 601
635 649
573 391
502 62
924 860
868 781
360 648
948 21
86 842
249 475
61 753
295 135
514 719
679 886
30 737
376 987
278 401
124 665
913 489
629 462
920 817
592 876
541 600
783 301
401 956
265 621
643 850
164 911
377 549
265 682
853 976
725 990
197 728
230 545
873 778
298 202
476 559
507 249
861 202
356 983
75 230
821 236
995 529
21 376
44 29
70 683
825 801
605 772
206 227
734 230
792 866
561 978
892 249
72 152
658 214
922 347
701 411
58 545
145 489
660 547
868 796
785 279
722 232
556 751
748 978
503 925
632 959
545 513
595 147
118 946
821 922
144 857
700 115
319 542
517 959
754 618
462 525
929 967
183 179
398 768
618 9
443 223
944 59
393 916
641 926
634 612
513 137
203 28
77 703
291 748
919 531
747 66
492 548
533 709
884 405
309 626
658 806
52 674
165 366
263 753
646 10
728 791
318 572
240 597
632 760
760 917
266 780
894 416
484 66
851 326
400 279
837 342
59 439
844 673
608 291
841 122
570 575
110 556
106 412
313 211
939 1
908 692
691 125
434 879
538 486
284 995
5 794
63 611
627 674
143 643
135 924
965 992
955 94
683 453
182 603
708 744
308 587
287 824
864 880
387 750
349 875
285 69
349 177
810 396
590 820
709 272
558 997
832 506
122 967
446 876
821 966
298 324
915 923
551 755
979 115
174 655
140 456
255 227
602 208
769 742
873 614
323 832
270 190
962 549
130 329
907 657
803 235
880 956
668 908
509 985
541 888
706 576
675 896
320 60
120 912
31 463
918 754
68 865
279 733
283 815
427 907
784 85
999 66
301 578
542 374
71 749
131 429
526 553
760 18
871 504
714 956
877 347
236 359
880 363
576 794
554 889
82 516
419 994
385 917
498 554
182 480
660 875
302 521
539 533
614 677
60 39
762 890
155 432
966 400
48 497
611 702
314 311
289 771
669 90
98 767
644 375
134 337
494 131
710 797
954 830
