5000 50000
94 326
655 338
18 999
596 496
327 459
708 262
392 561
653 12
330 332
356 574
50 567
429 49
844 986
299 813
334 341
250 878
270 461
437 308
49 619
965 491
810 173
435 964
51 584
943 68
90 599
210 492
174 160
37 168
909 100
472 633
777 271
126 538
321 411
898 713
194 563
685 437
240 719
646 651
350 682
649 52
295 523
834 221
654 520
212 779
966 72
84 479
679 382
963 889
882 416
568 811
583 268
852 790
901 559
707 101
296 142
933 317
372 800
664 259
384 322
37 444
19 462
38 665
40 537
822 172
121 856
483 380
453 24
787 372
641 242
168 300
540 870
262 66
486 43
41 610
371 658
130 748
537 760
719 857
330 702
997 921
457 508
783 969
196 114
652 701
545 20
341 913
320 110
637 400
730 276
582 996
858 103
395 289
454 864
63 777
163 770
961 788
100 77
928 492
830 199
91 517
725 32
765 349
281 577
169 38
227 596
80 938
131 2
163 263
243 421
327 247
167 845
294 399
575 361
436 905
733 383
129 28
438 932
485 387
114 211
59 781
800 911
37 198
607 260
599 564
843 887
646 181
982 892
264 501
556 581
858 300
472 336
419 233
972 702
187 845
231 242
786 665
586 617
456 59
885 224
871 575
198 336
124 723
500 136
60 99
747 594
410 519
482 489
786 892
232 756
954 828
978 686
136 309
991 237
94 283
88 113
507 369
294 173
438 699
473 797
210 558
368 97
734 917
805 446
796 318
889 298
746 777
690 994
991 312
140 733
653 543
597 318
443 373
371 951
4 792
37 1000
682 836
362 214
283 668
573 671
904 710
286 256
455 853
993 540
586 479
531 682
351 980
883 918
506 23
413 632
88 938
567 840
695 700
344 208
484 431
428 217
847 178
497 114
749 584
830 825
594 536
679 159
554 556
863 539
434 664
346 937
702 54
939 625
396 838
155 293
314 983
84 146
483 685
942 120
946 246
399 161
136 719
11 244
760 893
485 869
693 262
291 215
972 673
862 444
784 305
639 573
868 725
315 99
701 133
760 923
950 442
971 822
687 272
414 106
550 165
3 963
328 756
885 450
935 527
656 436
441 954
165 929
382 291
900 2
252 104
605 147
333 799
427 743
186 939
838 401
980 23
704 577
458 169
389 153
517 122
206 913
839 681
627 955
769 220
17 187
738 272
248 549
756 195
910 170
547 922
125 579
737 773
903 927
97 682
781 604
706 411
467 473
334 204
886 276
61 4
596 707
590 726
144 59
838 250
781 838
88 985
84 944
516 657
786 110
403 651
509 319
937 349
54 39
304 684
140 10
367 349
886 340
536 722
763 741
872 20
726 53
307 881
112 603
672 69
975 45
56 494
47 66
554 619
632 98
2 229
412 875
565 131
443 848
843 483
787 281
762 446
293 431
998 694
168 131
511 386
773 281
373 258
24 495
555 481
231 908
901 822
338 891
142 894
767 354
699 194
772 748
602 460
98 742
239 155
877 820
335 127
24 336
298 880
789 470
942 630
19 57
591 242
571 819
792 471
547 993
948 383
319 827
277 918
802 855
757 905
265 617
164 161
810 345
561 413
432 460
842 333
246 216
689 792
921 661
9 546
475 191
781 750
946 586
64 636
67 749
847 749
54 110
621 845
601 483
855 9
610 772
687 481
334 917
411 844
328 612
284 882
161 32
543 176
154 24
185 716
734 186
93 901
732 339
629 277
747 342
47 26
479 606
930 232
667 502
978 823
612 229
8 751
211 96
451 357
244 601
38 913
928 483
786 965
259 136
562 86
459 250
907 284
282 966
816 134
986 508
15 563
241 944
926 437
356 288
547 570
227 571
60 995
634 32
313 932
184 124
305 914
819 667
961 900
636 727
989 100
235 462
833 196
578 151
78 479
979 632
377 266
244 694
830 219
875 22
976 579
674 974
38 315
751 341
173 786
469 637
528 322
763 864
441 1000
110 683
626 494
619 819
44 659
416 614
963 47
531 745
302 79
988 804
164 584
398 525
621 924
248 828
786 378
172 752
609 983
164 441
513 556
950 883
966 635
56 979
496 213
852 545
453 82
957 716
723 357
304 112
188 397
235 306
211 799
233 247
222 961
957 914
791 777
625 253
480 297
602 236
314 689
807 191
449 954
641 343
818 622
150 535
775 904
697 529
201 401
557 368
819 111
160 126
680 478
106 20
213 434
769 560
656 943
477 382
796 732
168 283
336 375
347 817
605 815
711 725
976 602
749 792
830 368
960 545
982 416
334 129
339 33
59 228
889 943
7 221
246 177
571 286
721 129
905 413
215 101
545 194
422 784
419 978
27 420
650 817
809 106
280 660
619 912
68 57
597 283
165 605
361 401
854 855
533 744
319 978
683 221
905 734
137 771
928 689
752 619
293 840
689 394
238 264
70 530
976 492
929 144
963 811
2 772
539 960
608 851
506 303
32 950
65 700
706 564
10 476
276 92
514 359
598 488
94 635
948 149
979 596
371 729
656 345
18 783
330 900
636 873
175 38
868 837
687 573
698 84
519 780
67 913
879 769
183 766
823 423
505 311
961 640
147 845
783 737
984 60
513 948
290 133
5 448
524 990
52 137
53 546
718 818
870 797
590 759
114 986
538 920
628 413
683 712
271 536
340 783
207 364
358 993
40 335
434 456
785 78
200 927
441 37
41 194
343 570
781 505
282 215
692 839
990 806
927 431
500 803
828 568
303 720
476 354
390 843
658 712
730 718
793 732
968 58
952 537
512 754
523 13
486 755
760 807
881 78
198 70
95 990
577 317
890 409
210 12
175 834
535 294
204 545
179 649
187 725
638 724
698 257
645 544
184 845
226 551
643 278
561 582
933 118
932 791
957 90
892 326
40 518
169 797
417 201
751 254
298 972
500 617
684 400
585 16
935 302
754 170
250 729
144 63
252 944
203 115
310 438
874 371
368 612
957 125
976 903
966 121
976 406
71 182
997 292
124 715
915 348
522 332
316 456
202 982
907 585
558 208
485 737
344 474
244 324
142 574
14 831
289 399
965 590
696 361
648 708
480 532
441 775
3 904
748 122
972 976
809 823
476 124
403 327
956 924
375 169
669 374
237 173
15 692
372 365
146 798
154 179
623 282
207 3
50 530
284 333
211 9
301 413
679 595
155 490
306 232
893 454
485 887
73 59
375 847
206 390
411 927
305 11
979 308
127 911
722 258
187 520
398 982
595 503
796 466
574 682
183 681
219 547
883 299
535 743
719 960
51 574
889 832
922 592
604 856
96 336
399 223
363 153
231 81
581 834
368 443
848 753
423 561
321 676
948 619
449 449
235 348
94 666
674 89
537 673
425 393
902 366
901 859
289 8
351 828
639 996
93 289
593 794
893 327
793 150
678 152
139 249
348 197
238 380
183 112
32 489
651 870
524 504
805 809
898 817
893 217
474 837
801 476
495 495
797 164
700 697
851 992
342 763
722 821
976 157
69 479
575 544
488 121
877 794
91 91
817 769
307 545
524 492
324 144
513 177
324 192
363 393
505 180
404 791
526 988
261 926
949 15
310 507
134 467
443 504
871 119
744 964
794 437
657 619
487 374
222 649
467 413
94 158
654 52
346 994
576 762
684 380
486 260
284 66
769 331
628 890
332 164
995 338
838 329
209 55
841 339
812 248
291 25
999 295
468 860
380 115
90 198
870 234
750 141
213 733
958 270
173 472
608 513
353 320
191 67
987 362
805 529
784 821
92 740
657 676
595 428
417 73
769 757
445 236
964 352
100 129
488 173
286 793
201 290
80 624
90 987
176 38
969 7
710 672
716 792
219 616
214 967
362 925
706 315
4 373
969 700
87 35
590 153
703 615
928 188
254 687
744 599
888 16
69 483
650 352
92 792
370 794
17 144
552 691
291 415
832 219
359 181
909 96
15 539
497 972
504 512
471 47
147 760
674 124
279 509
663 793
785 444
476 527
852 397
787 913
506 257
868 941
384 461
196 917
464 236
828 877
456 183
959 798
732 31
199 82
523 668
1 520
369 328
915 307
235 389
177 305
959 743
291 652
673 622
445 470
925 508
841 596
386 537
214 452
388 217
837 931
396 171
427 967
440 827
750 658
887 86
593 636
662 216
649 984
138 226
967 894
175 947
974 44
182 469
153 907
112 957
153 507
635 549
398 102
188 405
211 364
676 492
817 82
553 40
524 843
345 114
539 770
51 136
534 765
209 520
254 553
500 495
800 114
769 501
508 675
685 606
396 705
385 797
940 38
793 296
269 772
454 677
315 900
798 489
811 219
579 914
916 924
383 671
559 569
77 197
954 827
603 42
432 555
467 508
379 171
910 58
544 788
737 880
837 860
233 441
525 932
410 987
515 882
896 143
898 649
610 151
842 554
229 857
398 660
375 120
699 458
537 728
146 384
354 418
861 565
301 219
172 911
762 284
585 270
527 879
814 750
263 239
576 884
545 21
885 442
400 587
763 396
645 147
858 606
633 378
126 882
958 111
912 663
949 203
302 484
977 411
328 704
742 666
714 733
363 139
891 388
501 341
327 833
376 795
544 136
531 571
774 443
53 56
345 366
188 924
513 690
128 206
15 586
854 821
560 624
718 461
686 514
630 824
851 725
155 183
776 785
441 319
605 952
86 593
167 166
580 867
275 359
716 514
659 847
534 539
39 795
1000 61
733 514
136 319
457 335
185 563
315 421
926 607
42 149
396 345
638 611
905 425
982 753
241 160
269 333
144 356
333 180
352 100
889 333
594 367
320 97
186 737
226 548
723 150
875 985
849 769
205 546
522 156
292 61
551 917
199 62
671 907
928 366
456 499
866 553
20 101
142 552
650 977
625 318
696 513
583 56
140 616
81 807
372 396
326 488
841 784
779 356
302 592
67 245
262 410
474 266
797 966
170 979
599 526
207 537
752 925
544 435
815 442
632 70
294 801
686 856
997 26
273 60
482 122
438 936
867 163
934 339
5 918
266 120
354 949
740 600
269 632
448 491
393 158
66 763
737 299
314 109
373 343
953 585
737 378
54 552
688 276
35 500
766 102
385 298
901 902
933 315
799 454
818 879
860 892
561 137
278 48
245 846
386 465
394 376
329 75
644 626
29 924
870 996
172 127
711 124
442 13
947 373
56 946
393 287
100 190
844 28
739 325
420 576
889 485
130 207
988 596
52 918
227 431
301 677
37 578
853 177
107 633
688 805
339 560
690 984
440 793
926 664
865 553
107 418
415 953
190 394
55 108
887 719
511 876
606 356
773 824
857 749
835 611
194 300
666 405
938 684
265 388
175 856
354 86
101 167
358 397
239 45
615 970
238 140
481 80
550 774
398 277
830 636
783 727
400 119
670 449
471 172
432 40
7 630
854 239
784 352
790 963
813 319
751 837
641 455
791 561
44 292
406 294
651 257
620 961
922 287
501 13
37 236
483 972
643 202
957 843
871 757
520 913
744 830
77 240
126 538
767 434
497 392
740 42
165 711
1000 204
660 851
670 79
373 643
574 527
401 403
125 840
978 166
377 516
688 960
842 512
186 351
854 197
313 122
730 150
868 401
571 76
945 774
461 675
490 617
431 883
868 329
941 951
370 683
26 710
917 67
411 346
642 595
764 541
800 598
508 416
705 523
115 686
638 743
682 256
798 734
595 79
679 610
500 388
592 991
875 958
929 37
436 622
766 139
759 639
965 702
577 425
833 804
615 971
94 601
369 927
927 19
122 497
681 727
1000 616
186 288
143 928
449 948
151 807
237 15
58 316
454 601
699 989
955 374
204 947
934 894
347 734
327 76
222 798
731 267
970 69
131 645
270 647
374 20
548 165
31 585
493 810
391 697
134 283
263 32
943 470
295 951
636 956
958 689
603 321
769 900
407 185
839 260
633 542
325 12
453 703
213 531
869 642
1000 906
355 591
625 3
494 469
931 278
135 727
836 29
863 527
389 445
290 933
596 112
176 536
244 213
53 936
668 325
457 149
472 499
966 299
232 643
204 933
671 290
10 624
433 842
167 398
805 160
297 360
535 402
691 812
41 68
607 664
124 551
279 765
547 777
777 681
752 568
617 849
622 555
469 476
742 178
537 798
146 163
953 904
707 943
655 135
64 708
476 996
726 361
521 17
978 715
379 558
782 652
797 932
627 806
303 54
508 876
632 465
385 909
284 643
819 387
694 598
495 999
891 599
272 217
859 842
957 725
664 528
169 260
473 669
73 403
894 760
137 847
9 487
116 731
89 676
943 246
666 830
794 250
620 15
623 675
461 193
565 262
978 527
831 100
626 948
404 943
452 233
271 113
176 578
444 671
526 451
948 230
239 281
963 816
874 356
876 403
440 149
348 685
769 45
306 896
969 524
238 964
801 366
259 477
915 60
542 359
353 636
693 303
318 732
226 369
229 338
273 157
852 288
58 675
622 411
470 803
772 789
589 865
158 389
321 448
325 272
794 920
937 437
578 519
504 562
370 25
332 608
251 849
124 718
324 882
728 618
243 34
691 913
676 569
139 139
90 338
375 285
266 192
728 322
135 877
964 107
355 17
38 2
608 957
580 874
938 476
848 536
661 892
681 716
49 412
383 878
301 595
253 810
125 177
883 831
799 280
993 44
85 352
166 226
447 614
888 396
468 401
331 657
760 249
346 942
746 171
422 10
410 850
571 6
129 380
483 374
720 55
677 231
863 31
986 960
103 165
545 697
492 51
191 430
790 452
5 223
369 176
541 93
981 704
675 684
812 693
469 285
118 156
240 296
472 35
548 178
98 560
616 805
914 656
65 878
726 158
685 135
386 253
172 452
830 997
147 832
116 307
414 672
649 277
784 49
662 205
340 768
552 492
588 718
740 537
610 371
120 302
358 802
693 858
424 38
782 291
241 985
149 552
461 519
804 512
298 853
308 782
944 603
719 969
382 130
346 835
427 236
153 806
667 284
975 847
905 432
965 161
194 194
129 821
853 929
753 676
447 306
64 76
451 352
666 636
950 876
280 191
370 961
316 430
652 165
171 460
623 547
43 562
733 673
655 174
340 985
708 440
738 965
676 72
950 866
65 545
749 351
486 101
681 348
605 570
687 336
139 493
451 492
305 476
846 323
930 166
257 32
661 587
139 3
659 680
356 80
289 356
638 530
803 765
136 761
433 766
843 115
466 533
661 209
560 542
326 134
563 890
899 121
588 210
841 391
618 529
969 800
589 432
643 206
144 424
555 241
329 734
514 296
223 937
124 931
779 509
952 427
444 976
334 948
198 718
854 935
563 97
865 160
854 238
686 531
315 765
825 222
517 909
161 333
12 474
15 197
620 956
68 619
93 205
500 522
100 878
27 922
216 136
719 785
341 870
916 586
564 274
598 895
979 295
508 860
372 864
256 970
379 824
362 115
449 927
857 986
771 298
87 42
754 20
171 287
225 280
701 252
587 767
744 737
562 896
155 177
427 887
954 480
793 303
985 907
609 401
398 863
193 453
42 614
671 35
82 82
56 689
181 515
11 486
5 342
944 292
831 993
481 422
699 186
69 957
295 958
385 184
214 627
571 106
645 698
990 134
473 686
78 700
93 587
434 64
242 867
729 592
681 119
197 353
141 30
302 210
975 836
704 597
476 568
925 273
307 526
83 525
162 659
950 961
311 773
870 947
842 365
626 402
934 92
475 534
444 11
487 40
45 353
738 538
264 100
686 206
716 219
229 488
153 255
108 605
43 294
828 493
930 425
421 487
666 365
773 848
337 854
504 654
377 460
295 900
909 106
3 594
42 359
486 869
896 520
931 782
210 982
645 918
604 486
361 300
116 418
579 883
62 785
329 889
808 406
266 877
532 269
60 468
655 84
416 164
854 513
562 181
722 186
292 748
66 687
584 116
795 418
423 267
775 762
680 262
200 803
361 449
212 145
409 785
336 574
317 187
432 577
654 302
927 186
809 825
344 915
540 842
4 460
852 719
363 617
919 398
123 1
878 605
833 862
817 93
645 897
175 526
125 45
128 657
871 145
255 732
504 887
619 978
829 340
835 411
671 733
969 877
716 278
228 76
109 661
21 180
47 792
352 403
909 119
416 185
207 189
341 774
235 175
288 277
926 966
274 540
524 49
419 749
667 966
375 454
956 142
41 241
549 557
750 50
121 878
628 980
867 309
179 15
558 719
433 613
330 235
530 825
748 76
864 416
694 813
960 334
526 178
84 213
748 111
751 409
667 325
425 317
286 506
257 259
331 594
482 989
29 684
910 588
828 564
124 364
180 880
673 593
345 431
99 903
868 982
891 720
44 977
175 931
762 452
357 462
977 161
625 366
746 234
27 70
55 475
470 612
968 319
344 371
552 736
271 811
414 615
750 761
514 95
659 229
593 56
603 20
335 606
3 108
138 409
811 111
804 449
543 100
485 906
441 743
906 677
512 340
675 870
994 250
520 753
842 851
264 359
193 816
649 882
379 719
523 163
390 397
397 381
451 149
881 455
82 191
123 363
146 86
699 345
452 872
812 642
767 188
731 62
586 586
525 200
980 595
219 894
698 627
526 800
339 28
450 16
381 855
161 383
153 646
248 320
31 233
889 616
258 943
847 385
987 142
560 696
160 216
87 240
36 363
584 442
143 578
553 109
366 911
581 152
553 320
873 52
330 418
273 466
773 21
786 409
134 735
478 435
162 29
281 105
139 238
66 37
575 9
721 423
225 400
4 793
523 622
676 324
421 408
961 318
466 127
447 606
349 840
377 787
525 38
790 527
112 396
255 158
376 515
586 960
344 59
908 158
907 704
693 963
267 232
807 648
729 787
914 227
958 219
27 999
316 635
233 641
305 506
16 783
127 689
339 25
70 371
736 889
425 36
597 785
534 878
419 251
950 672
702 125
746 406
183 148
37 451
389 347
395 20
706 989
500 878
698 137
603 781
431 145
431 242
873 917
374 119
980 59
538 670
196 74
56 862
956 220
794 336
396 957
698 406
364 534
493 819
330 675
33 56
817 994
589 597
200 999
258 166
278 976
40 388
343 126
501 526
104 264
634 717
281 181
116 299
386 42
214 465
882 260
12 687
458 863
356 836
609 204
92 974
865 806
809 622
430 538
10 987
29 706
254 895
738 264
28 611
145 458
442 317
630 609
902 929
405 353
72 172
888 91
606 485
473 181
909 187
521 929
884 243
11 436
691 516
745 752
892 408
837 672
931 723
421 818
888 762
44 750
459 396
597 844
699 217
991 142
698 57
417 565
956 791
255 53
82 386
738 480
575 330
394 336
476 17
667 410
268 233
370 179
471 292
902 332
112 591
509 400
339 193
362 919
897 353
671 746
680 113
881 938
736 612
545 125
672 282
989 522
703 754
823 854
570 756
687 477
201 666
533 920
819 479
855 571
89 451
387 604
371 215
467 398
579 275
571 454
485 421
369 416
927 993
350 851
82 463
244 843
23 236
324 983
347 766
778 410
675 828
59 629
708 301
516 61
853 801
878 288
434 437
741 285
49 550
744 840
289 672
615 214
480 924
842 797
94 469
467 299
905 404
689 236
247 836
883 581
511 171
400 678
8 62
20 905
689 302
338 144
765 489
453 79
650 37
41 500
418 458
691 472
835 130
658 378
743 511
587 536
403 806
57 843
391 879
255 847
737 754
259 44
491 984
75 405
828 315
933 615
453 481
76 563
84 136
359 293
727 222
133 648
372 6
286 307
169 492
373 270
314 981
873 980
489 721
271 383
446 777
584 106
670 927
26 41
346 776
733 846
432 578
281 840
337 24
871 180
932 599
593 422
277 281
240 715
770 79
747 616
887 413
62 486
314 138
442 456
251 97
515 581
462 594
871 66
814 111
503 183
828 393
710 239
326 807
468 465
792 342
902 980
803 629
584 137
269 634
611 292
241 470
993 717
242 790
555 215
593 319
352 502
809 77
271 801
554 986
169 191
966 584
405 447
783 37
203 538
958 756
773 279
885 122
756 387
853 9
125 503
249 214
595 759
813 350
796 764
662 444
127 709
449 903
492 834
349 220
765 133
231 959
87 667
818 192
507 408
700 435
126 16
329 296
491 846
814 418
200 817
852 82
390 100
103 59
939 888
77 165
327 285
595 339
987 843
343 187
471 272
861 488
857 898
672 737
562 920
245 775
841 293
105 902
834 728
620 985
764 274
76 86
44 851
504 92
939 987
205 765
484 482
634 20
473 654
561 202
202 152
708 260
378 992
588 747
341 332
445 385
28 709
892 571
718 122
809 245
142 76
40 202
407 978
525 965
210 993
116 924
936 390
733 429
415 102
987 482
87 25
192 439
296 334
33 762
954 238
640 831
263 55
872 982
701 653
454 391
736 266
613 557
649 838
899 249
688 561
263 701
398 52
422 73
397 983
785 256
938 497
427 992
956 924
386 36
91 274
285 396
258 957
596 759
462 762
78 762
767 204
983 521
904 596
592 476
211 363
276 954
353 428
21 192
411 461
798 481
167 31
38 59
730 906
274 752
765 89
961 338
969 809
171 757
91 485
870 726
746 311
191 497
576 542
14 103
237 786
220 373
953 82
973 771
868 261
777 745
665 326
999 371
43 365
458 268
797 81
627 986
537 628
13 789
861 283
72 242
929 602
72 139
418 928
409 24
362 177
305 405
851 15
271 780
231 167
360 258
812 604
862 942
105 75
674 65
815 254
744 673
905 501
511 972
278 1000
61 190
636 278
102 201
763 881
935 104
829 958
198 282
614 31
528 945
849 407
261 210
464 821
239 335
487 42
643 227
30 629
54 533
660 44
857 874
645 444
164 704
399 66
653 272
498 37
873 210
76 696
216 659
930 559
213 782
936 740
745 647
537 154
920 409
856 211
650 108
91 850
42 712
73 949
416 225
465 789
117 461
28 230
495 622
591 352
967 267
216 333
77 411
527 855
504 378
40 229
81 832
266 401
873 694
468 176
427 804
976 629
629 564
707 10
793 968
310 393
427 475
257 184
852 106
426 155
647 877
233 899
626 663
397 477
843 636
46 763
717 39
65 772
326 356
553 802
101 511
895 865
782 520
34 348
874 190
308 234
627 140
878 649
131 694
452 681
422 473
398 403
15 681
452 860
920 536
451 902
23 116
909 697
84 934
410 97
495 793
198 388
467 277
958 396
22 186
887 842
464 684
945 98
761 996
290 675
415 76
420 284
871 780
15 165
195 887
512 77
622 20
879 712
875 453
970 610
380 852
916 539
646 898
84 742
747 125
125 434
217 92
183 438
946 680
698 402
986 656
45 378
947 152
970 114
559 773
254 754
267 441
791 542
82 629
803 972
404 518
580 544
942 554
566 403
451 993
468 378
897 918
446 758
274 143
886 885
833 14
695 309
14 441
225 257
179 161
360 256
518 107
526 59
114 139
107 684
924 553
232 929
679 267
280 348
585 255
161 438
805 840
450 361
203 959
657 9
898 411
341 963
229 894
681 504
936 462
294 477
531 357
718 446
478 536
825 256
110 542
187 59
193 194
673 399
520 88
51 324
669 670
306 687
433 160
570 49
217 51
355 786
49 506
633 101
477 399
362 481
218 321
870 553
721 330
380 374
896 953
554 916
471 552
142 875
713 113
368 548
379 962
413 2
840 369
767 520
120 411
777 573
817 826
334 367
697 152
741 369
759 663
447 435
56 500
127 842
689 122
64 905
939 257
636 50
280 65
649 697
95 412
137 825
188 123
496 654
114 421
134 137
428 208
682 944
396 546
483 29
518 145
60 898
115 61
67 787
72 707
263 42
940 844
47 174
417 421
355 508
828 834
787 39
819 130
374 424
300 118
363 255
930 557
955 868
660 995
522 453
712 216
447 554
178 186
42 315
204 578
194 52
97 573
588 583
821 546
678 701
958 647
437 381
827 228
22 900
57 350
846 105
586 473
981 369
914 715
206 651
563 42
451 544
371 1000
382 835
691 962
882 888
811 59
474 541
182 527
116 16
414 580
282 7
786 233
51 783
311 951
38 899
201 475
25 371
45 867
310 938
279 880
768 580
613 309
653 420
174 139
6 465
96 763
137 58
50 306
326 504
753 242
251 490
940 48
479 538
583 17
87 139
895 68
39 214
651 927
478 870
51 505
365 473
514 916
281 202
756 873
781 290
100 592
63 921
57 198
108 468
768 952
1000 157
194 812
42 268
624 602
311 42
575 675
112 438
165 812
946 88
671 502
671 893
408 999
742 816
153 433
255 378
835 207
779 908
69 955
554 390
973 992
709 733
101 816
219 943
667 858
179 904
176 541
704 630
619 743
121 121
137 85
748 345
164 849
930 286
935 202
713 316
622 293
902 995
292 530
713 288
46 638
315 359
372 786
798 533
325 404
904 364
572 209
808 955
626 137
362 194
697 263
504 345
356 768
361 495
210 466
217 732
170 477
797 430
553 616
57 327
819 93
569 633
605 300
779 829
289 735
378 430
767 729
629 212
650 248
626 486
656 160
937 485
433 757
151 749
130 566
933 204
845 835
789 400
105 265
725 563
946 143
531 652
413 368
227 763
8 656
776 944
928 879
894 469
506 139
464 484
422 269
327 943
730 380
268 177
268 976
86 132
39 880
811 497
683 863
304 140
931 275
812 527
364 643
398 74
332 959
885 638
705 673
648 612
334 693
327 701
884 520
901 619
329 760
55 677
233 174
626 228
707 401
532 355
895 298
573 839
496 694
983 349
645 685
615 385
597 1000
453 232
779 524
353 222
853 93
242 446
790 131
665 900
692 835
725 943
325 777
418 223
60 371
408 751
165 633
941 727
150 312
950 625
12 205
569 64
290 548
643 415
122 732
1 344
485 29
489 535
998 560
228 78
833 589
146 320
958 329
237 515
538 398
249 292
828 784
945 258
108 129
269 754
546 355
893 213
229 194
360 7
891 452
471 802
547 202
838 233
777 649
355 688
64 667
641 182
562 379
151 233
930 178
212 111
858 907
906 941
221 602
194 162
533 963
833 708
450 583
898 608
279 455
21 975
251 994
412 763
151 444
270 604
679 723
358 921
321 457
414 525
741 635
653 920
363 304
225 924
792 506
653 5
268 644
56 288
63 422
19 521
906 921
501 31
794 311
548 689
247 822
266 940
970 863
426 494
175 266
414 235
668 865
156 823
41 941
984 68
580 470
407 505
683 936
150 581
679 257
759 112
372 293
455 442
546 476
637 118
332 807
722 627
795 207
422 773
336 29
543 542
126 866
622 97
837 496
712 104
519 740
133 910
314 631
488 337
312 921
657 369
223 722
799 940
740 792
718 29
66 157
589 147
306 465
894 977
990 959
540 342
635 732
3 304
221 25
71 431
487 728
977 66
427 425
71 682
181 252
275 797
156 35
244 666
838 644
467 356
657 647
404 314
827 493
780 367
530 93
145 943
622 4
873 407
320 305
216 397
677 828
755 743
40 507
752 773
189 230
720 708
474 435
192 27
238 650
478 921
968 841
60 663
184 897
582 400
235 703
818 228
553 504
313 376
156 604
150 959
29 407
986 939
557 709
128 953
389 814
651 881
432 464
884 820
809 584
740 7
564 311
452 743
206 601
213 861
281 992
317 474
675 991
336 249
490 478
329 178
407 771
344 60
394 122
676 32
62 642
638 730
444 115
883 695
863 992
399 121
481 259
130 932
204 764
392 62
771 928
787 304
262 611
209 165
247 126
878 684
701 972
134 928
87 421
974 783
184 728
388 412
41 686
368 11
161 371
6 277
566 339
961 268
792 739
607 675
984 497
690 375
377 871
159 492
801 407
381 653
373 491
830 40
775 392
702 960
612 500
172 359
999 722
172 713
366 577
273 32
344 516
694 265
156 142
70 732
712 778
504 691
458 430
665 691
844 800
701 82
740 948
893 558
77 220
881 902
26 823
564 650
398 372
238 380
110 375
847 354
138 802
148 585
691 82
486 798
321 100
579 630
665 776
386 203
527 552
636 420
80 752
749 132
206 183
193 94
137 515
78 709
385 4
882 712
412 316
27 56
232 649
255 831
776 75
227 296
741 245
163 334
230 463
466 742
147 592
763 352
242 949
707 969
852 159
932 355
496 2
441 776
400 757
645 74
935 434
270 903
557 712
407 674
332 406
389 514
603 934
235 524
195 579
308 639
495 83
230 893
275 412
722 223
581 473
881 497
547 722
88 980
497 114
135 513
918 47
176 988
332 375
354 421
456 417
169 34
114 584
235 743
362 751
456 480
911 33
409 234
786 698
297 337
666 258
35 538
461 656
767 294
748 693
678 809
662 500
376 816
257 815
471 151
334 963
158 974
706 974
526 751
161 613
66 244
649 60
426 653
645 771
545 271
434 411
862 768
593 346
368 677
109 467
357 493
388 639
775 597
379 695
269 262
582 510
707 384
437 969
829 375
59 124
30 891
550 446
743 41
303 957
831 438
96 158
329 345
631 886
183 920
336 477
219 333
766 736
351 627
198 872
932 515
214 696
510 127
892 16
866 523
684 11
226 161
81 968
941 392
932 352
553 728
758 278
15 983
45 437
878 102
4 488
229 160
714 697
535 341
374 53
956 234
949 597
664 647
707 528
824 266
860 854
710 135
808 174
35 61
46 854
484 225
947 194
371 49
644 651
354 864
266 282
573 995
180 609
35 120
599 599
920 836
167 259
645 862
772 512
963 322
29 212
216 353
99 810
360 52
979 553
218 116
506 77
205 807
249 179
73 204
259 308
843 749
425 973
568 905
823 742
300 494
163 88
956 222
631 392
911 621
678 605
895 588
363 652
315 39
282 620
666 403
765 798
745 490
475 826
736 659
964 310
552 386
878 547
264 264
913 39
96 709
523 809
793 236
119 524
928 316
695 307
481 671
530 348
412 798
862 397
901 218
238 419
382 572
615 243
899 541
177 488
456 438
14 204
476 99
197 81
453 316
914 584
284 486
560 585
860 602
40 94
448 506
618 955
295 700
897 879
516 426
591 479
243 688
92 946
684 366
434 405
187 270
776 934
83 581
159 325
612 80
843 655
265 422
957 396
148 994
149 924
79 946
318 189
834 22
454 924
599 653
530 268
310 102
422 956
694 469
193 25
340 219
762 731
397 968
9 958
238 754
239 324
298 723
111 786
767 845
379 339
451 763
854 432
95 175
792 315
419 979
918 342
287 735
855 612
419 586
445 127
829 407
442 699
407 914
309 164
647 628
50 874
763 66
994 482
746 425
276 289
128 629
398 51
262 553
594 606
71 59
188 411
747 995
30 470
872 180
333 533
686 224
524 88
218 488
70 555
964 578
807 264
75 6
912 821
29 225
793 973
64 212
394 588
868 987
9 275
373 590
448 754
393 296
418 679
346 764
705 863
668 336
934 669
310 145
200 619
227 276
133 852
432 604
907 160
811 98
545 712
863 601
103 452
649 474
987 16
647 117
385 449
787 205
249 308
579 737
571 919
272 970
202 344
540 392
493 744
166 117
305 137
482 768
832 693
674 912
42 383
99 155
277 778
641 414
542 71
740 58
158 806
161 385
204 672
4 494
319 627
484 969
582 808
937 39
399 90
183 200
496 652
38 379
745 748
396 631
110 386
867 762
452 86
66 607
856 629
3 627
816 725
430 531
645 416
997 372
277 825
525 696
473 295
884 447
17 906
397 708
76 523
977 400
746 80
623 137
718 876
381 869
287 537
300 743
834 825
101 848
413 352
501 470
998 679
999 75
96 765
768 339
934 436
91 700
999 253
437 553
142 866
124 382
502 874
890 98
524 962
828 984
743 371
614 867
660 351
221 453
298 963
659 926
398 283
18 111
406 961
126 750
770 605
278 33
479 801
544 80
622 27
196 104
852 520
154 921
11 479
226 710
324 524
787 472
434 658
602 340
421 742
224 276
716 82
290 324
118 444
529 507
979 271
867 165
501 675
464 998
226 509
199 552
503 399
946 316
382 757
896 562
256 91
40 660
337 283
889 725
476 840
50 249
503 962
661 885
557 897
474 737
957 663
410 968
974 146
320 214
635 424
77 962
318 80
48 432
61 813
660 655
82 531
433 830
866 500
711 151
186 767
804 426
723 81
53 192
835 488
533 939
653 593
345 282
981 775
966 193
469 535
63 525
573 741
65 557
706 72
277 973
103 862
540 825
78 860
135 381
422 290
173 385
539 242
276 235
255 650
634 344
334 999
773 860
371 412
441 867
764 781
15 43
573 365
594 305
368 654
684 736
341 358
965 78
792 452
747 254
804 951
699 39
862 292
199 704
465 18
70 442
119 569
127 501
519 26
546 723
58 571
927 731
707 202
721 575
368 421
297 504
943 562
382 722
367 752
858 751
91 175
692 835
133 627
776 192
417 455
960 720
321 928
155 383
984 869
477 743
50 337
547 234
647 1
383 322
345 680
301 341
336 869
979 657
319 900
321 951
645 25
160 136
595 102
599 159
55 448
283 142
207 344
644 473
607 129
682 943
679 147
618 846
807 737
368 529
823 192
186 743
174 142
618 398
515 380
888 347
578 103
918 582
155 559
573 544
735 213
341 241
116 74
85 193
660 283
517 653
465 364
111 696
459 38
966 95
345 509
152 209
441 435
684 633
582 790
322 125
724 287
593 529
470 773
957 830
983 45
980 880
570 608
929 87
261 264
12 736
246 724
350 812
783 562
138 668
806 181
422 737
698 389
144 197
92 176
891 309
416 521
72 304
831 776
66 775
803 268
170 913
343 749
662 995
230 105
616 461
865 376
821 882
516 261
47 602
344 725
580 523
204 871
889 882
186 626
535 609
739 175
53 253
322 417
852 729
864 398
805 553
947 820
485 34
217 883
487 539
907 34
648 169
947 884
503 862
918 852
829 982
724 960
973 200
305 653
629 369
252 577
955 996
117 630
59 574
812 855
136 796
275 759
602 890
79 331
183 951
1 455
913 577
68 694
175 668
836 994
866 105
552 148
215 647
360 424
540 131
697 767
689 530
404 22
840 115
436 257
68 722
546 972
500 72
733 850
337 150
604 593
768 466
165 775
736 960
263 952
436 579
727 66
517 276
556 834
297 635
163 200
743 473
238 209
452 184
292 856
849 11
981 448
777 938
605 557
788 588
288 394
796 603
763 828
395 757
592 597
459 686
91 390
621 129
917 352
878 240
47 997
802 933
124 338
357 223
424 637
550 470
843 928
107 33
840 370
606 351
509 984
941 768
609 653
575 547
235 695
392 665
996 683
231 654
305 879
367 764
105 369
515 764
617 358
594 693
698 672
650 638
867 751
368 998
670 415
1000 286
189 371
23 231
388 372
736 195
481 47
945 53
130 933
216 340
247 93
828 405
13 357
566 488
548 460
100 746
893 937
126 259
947 449
828 957
53 606
393 245
188 235
267 488
797 983
881 343
48 163
762 680
480 274
902 355
977 90
231 870
26 525
285 851
294 527
679 848
420 925
105 765
378 926
912 960
80 666
148 272
698 193
37 969
968 368
939 688
729 942
272 30
187 582
112 965
116 202
243 958
988 357
607 458
556 723
353 392
657 695
847 630
720 336
954 349
187 823
275 206
829 766
295 879
153 827
77 402
507 37
206 116
123 762
141 701
593 526
821 552
159 713
336 599
938 543
252 833
42 67
130 126
872 38
935 44
113 576
516 436
779 109
226 765
393 184
280 49
839 291
457 220
339 835
886 721
612 223
220 367
431 667
683 515
977 4
415 865
842 59
608 303
597 851
732 176
473 322
828 234
91 767
760 754
765 697
737 314
336 562
377 200
870 702
932 581
141 90
647 827
768 517
639 131
253 732
592 296
722 937
112 292
438 183
530 492
728 607
168 35
456 786
794 294
618 882
56 472
736 620
146 719
800 241
121 257
447 405
250 169
432 475
984 470
977 284
852 609
691 976
239 797
367 785
138 95
840 75
315 620
703 952
356 834
578 767
337 387
735 767
603 423
201 384
668 634
140 256
956 19
388 165
634 734
331 758
796 294
256 940
129 616
647 704
833 792
338 236
16 129
590 592
614 740
471 719
663 693
430 748
537 305
947 302
579 630
313 376
377 838
40 278
711 725
993 829
143 363
554 543
656 666
887 315
34 52
518 944
599 451
633 582
519 524
481 697
363 775
512 432
662 468
712 226
488 171
353 318
569 931
126 201
638 229
833 1
830 177
582 8
266 49
946 329
384 499
719 641
653 189
79 656
7 363
11 991
991 249
602 327
563 402
847 984
788 56
610 387
452 449
650 49
948 885
116 120
441 280
712 795
385 929
176 363
960 949
7 807
101 992
634 28
115 196
870 154
18 233
817 882
749 640
164 74
401 444
216 975
753 202
376 945
234 306
43 925
759 782
69 520
715 171
98 743
161 198
178 157
297 354
284 333
322 703
228 365
739 321
859 519
423 234
301 534
560 394
719 143
601 871
76 737
725 199
597 583
149 680
325 594
411 692
252 517
608 597
400 750
89 432
206 924
853 275
639 119
161 784
227 160
21 52
870 61
769 385
690 236
526 891
455 477
80 378
399 591
427 334
360 827
374 938
825 111
427 285
972 253
473 746
753 659
195 914
87 998
702 425
825 382
886 866
547 326
907 630
100 7
33 579
254 811
853 589
605 905
688 336
986 959
4 282
733 638
227 242
875 36
184 908
865 771
996 483
770 631
85 619
989 700
165 733
71 662
411 299
864 781
361 345
687 847
169 84
746 728
751 432
900 392
900 946
967 971
786 621
606 51
507 929
462 392
257 992
63 354
549 59
282 252
229 804
239 776
703 351
174 509
637 341
407 349
324 943
953 526
192 175
441 484
796 951
115 205
924 835
228 846
675 838
597 481
39 237
640 258
514 145
780 571
916 748
220 895
177 753
156 584
272 112
336 479
593 430
782 420
132 45
798 471
450 457
153 89
409 279
970 598
292 996
207 501
34 825
39 657
308 386
545 565
512 865
143 367
14 58
698 655
719 675
161 500
913 587
834 193
440 539
763 790
403 396
118 679
557 872
117 922
209 453
483 495
642 135
488 696
324 893
40 49
63 710
772 845
274 361
376 689
2 290
575 397
989 115
382 977
392 68
538 289
883 995
108 533
585 306
401 901
359 245
543 628
545 734
402 652
397 375
157 824
87 384
529 158
661 477
117 417
960 200
487 867
156 844
177 434
751 315
886 789
892 527
76 299
143 694
323 823
78 736
32 358
780 132
869 118
606 186
304 492
591 107
391 445
545 804
89 308
101 539
686 748
668 316
374 965
96 341
323 680
107 209
244 784
904 303
171 262
387 967
759 534
536 257
552 495
872 151
919 80
248 570
512 686
294 539
529 549
182 537
16 906
669 488
303 733
465 155
846 386
605 967
707 332
800 496
626 423
809 78
517 444
523 158
899 811
524 14
9 751
115 605
624 772
364 71
831 425
778 552
846 558
108 6
927 427
142 189
296 300
656 889
851 610
213 833
802 830
815 126
511 386
759 715
663 891
530 458
648 409
384 216
657 828
814 280
982 228
868 719
295 222
883 395
613 769
647 911
199 246
27 90
617 150
731 936
340 86
666 438
980 660
148 809
771 310
340 695
350 294
723 550
590 791
598 749
8 334
509 80
919 127
470 63
694 899
115 950
737 808
771 283
96 37
689 309
733 616
721 27
336 265
345 860
610 613
381 197
25 253
228 461
350 437
779 533
931 216
321 783
642 244
839 184
885 754
931 346
841 341
53 275
8 330
968 333
219 187
55 520
60 329
374 665
832 831
384 575
644 307
212 463
841 175
855 351
104 62
425 29
185 315
324 726
798 731
629 735
543 935
947 872
396 694
343 75
935 872
749 999
662 111
837 783
548 229
101 457
205 394
475 299
398 982
374 45
356 358
741 492
789 149
31 383
875 84
656 493
713 54
307 786
523 471
999 286
303 278
165 273
654 451
673 685
286 171
163 280
823 671
358 411
231 64
800 70
388 8
919 445
753 179
244 843
555 590
900 377
260 422
672 676
684 846
604 896
600 666
501 869
728 355
176 182
122 160
538 396
415 750
806 21
238 801
777 388
929 716
454 698
571 544
302 482
425 31
903 555
58 641
764 527
610 346
586 256
357 900
559 253
217 903
768 888
542 816
130 795
292 680
576 611
443 803
830 80
957 488
638 862
975 543
791 220
483 873
607 814
849 233
134 790
676 861
132 819
755 45
512 125
531 535
977 450
474 977
965 944
887 227
803 23
313 878
376 552
205 919
386 90
219 592
709 127
493 171
783 412
422 164
598 776
675 496
797 393
251 636
845 884
442 290
85 472
908 646
224 288
264 549
591 132
558 171
675 88
239 284
818 894
339 176
358 680
504 274
646 382
822 660
959 271
206 363
383 946
501 321
573 320
442 303
391 243
35 574
570 17
520 551
242 984
684 693
371 746
94 324
661 748
696 414
109 618
691 215
215 934
49 688
119 545
116 179
983 240
766 116
746 423
114 573
774 399
95 57
32 71
767 362
551 222
635 253
96 281
249 994
433 734
593 356
535 269
797 841
818 213
138 865
403 764
791 994
316 33
405 562
175 794
663 152
943 370
185 247
703 159
440 315
314 310
384 239
758 855
147 710
462 606
78 643
87 247
507 29
659 732
728 220
316 590
5 695
414 277
815 230
424 812
813 799
766 801
68 128
86 428
798 213
577 737
721 7
626 30
240 520
888 86
948 804
936 110
235 997
568 328
628 594
699 345
458 628
600 908
830 337
460 19
92 480
714 392
276 47
272 546
987 536
472 165
448 45
801 105
25 339
425 434
785 522
590 187
836 464
355 556
532 88
245 983
885 5
355 569
946 711
646 902
250 65
983 619
788 694
848 260
19 819
275 453
518 605
373 830
69 732
89 19
273 176
568 105
689 105
43 732
554 650
808 327
701 867
753 995
143 718
347 615
647 397
170 671
822 718
913 427
201 949
390 878
218 588
283 231
353 314
525 144
583 260
487 602
279 927
979 666
342 112
567 467
731 178
934 248
942 734
652 912
353 181
903 922
359 665
61 518
33 478
337 980
169 390
587 924
861 354
872 157
413 172
312 21
735 931
556 891
155 681
610 596
769 701
105 172
874 306
704 631
182 699
49 183
995 937
513 417
948 949
182 69
208 965
390 237
840 49
591 650
279 41
226 497
629 92
956 443
229 17
268 699
167 689
365 890
218 520
609 890
607 434
681 257
679 107
920 674
770 972
692 254
25 674
726 249
761 805
559 565
583 623
544 178
149 908
890 617
972 815
139 71
275 611
361 590
741 122
680 874
159 862
410 918
686 696
580 224
408 899
775 131
46 549
721 205
785 755
423 718
953 42
353 850
934 693
440 10
619 420
865 947
966 334
377 315
560 426
323 511
955 115
257 692
746 100
441 941
23 975
786 327
257 998
955 557
243 67
929 829
578 950
671 823
556 905
436 783
545 710
725 745
917 449
244 447
736 32
551 458
331 930
822 370
461 584
507 596
114 26
5 475
319 279
533 589
135 296
451 784
687 46
413 279
746 917
888 264
303 390
525 456
825 588
408 508
360 310
434 22
899 71
485 929
236 913
470 56
194 526
918 421
999 638
406 825
453 32
125 915
348 689
7 612
299 213
223 406
394 180
604 397
824 834
592 76
235 871
706 115
352 392
845 302
319 594
173 179
642 694
130 470
50 137
84 809
438 850
793 984
111 218
722 450
49 938
331 629
557 32
728 162
416 183
212 281
313 793
499 770
534 957
873 849
879 977
457 343
646 383
94 250
107 898
52 658
546 257
129 758
627 637
414 103
172 745
277 234
961 363
136 105
739 870
179 68
897 218
259 157
578 738
373 432
712 94
651 291
793 179
713 253
400 648
291 393
13 191
335 148
331 530
132 16
485 394
697 289
278 615
343 157
437 650
250 692
687 896
831 297
320 235
89 212
63 575
447 715
818 37
443 997
65 221
426 980
115 945
610 299
989 535
770 261
228 358
827 577
52 637
955 877
484 321
864 896
570 728
314 657
375 276
309 757
279 967
224 54
257 20
321 494
725 420
919 575
766 507
206 146
101 375
716 337
482 77
726 931
459 42
934 117
485 204
87 316
265 838
52 351
751 574
295 515
705 876
572 381
918 834
116 852
502 9
920 641
209 815
502 502
474 424
962 172
3 400
94 666
70 756
617 461
185 804
757 307
936 515
974 902
982 607
598 579
25 40
847 743
544 823
947 628
347 739
656 926
801 230
290 174
243 433
340 677
780 643
373 663
772 410
374 330
831 32
752 621
766 515
605 362
595 596
488 106
132 820
121 452
941 926
161 303
512 804
735 386
487 744
478 139
33 801
985 918
559 725
180 677
944 36
173 925
249 285
310 540
1000 684
635 470
254 151
460 986
910 197
788 309
964 429
523 858
3 621
245 853
37 813
368 723
567 498
742 269
693 811
684 534
230 148
612 881
459 333
249 525
346 75
992 301
958 4
270 122
712 860
563 254
565 791
147 582
491 313
16 772
981 982
473 572
596 636
631 991
587 832
850 603
986 620
785 357
773 686
345 199
485 929
11 570
758 746
396 994
389 124
997 278
605 175
972 891
387 415
811 298
213 457
805 819
752 386
668 694
559 588
661 95
72 922
528 561
532 103
890 638
156 121
363 609
169 684
776 243
188 472
957 963
313 390
