2000 50000
610 998
548 736
866 913
613 123
364 69
806 383
561 660
501 744
132 869
176 624
373 46
62 4
152 285
226 914
733 153
424 130
657 265
65 727
18 511
365 249
597 653
720 852
276 217
356 468
152 669
169 245
708 564
203 813
281 87
985 509
269 562
203 895
441 89
625 789
674 367
534 473
711 21
908 646
499 741
256 678
832 65
46 820
618 307
524 932
360 162
131 567
160 315
293 559
53 6
302 25
150 689
206 11
64 47
596 331
826 753
367 544
563 584
333 545
256 73
14 203
336 771
947 891
784 846
144 72
479 424
309 355
783 635
663 108
109 549
399 214
45 931
981 446
535 347
371 983
236 683
882 572
269 677
38 225
351 988
966 389
98 744
201 578
623 264
214 365
490 489
432 495
940 579
939 580
805 500
963 934
996 75
815 961
242 794
472 990
683 46
661 542
528 601
271 262
346 894
76 671
81 996
94 682
332 793
519 62
504 853
615 771
851 583
489 190
872 902
868 65
282 571
981 157
147 294
827 601
479 223
914 23
684 592
52 524
580 859
994 862
524 708
822 462
917 300
344 815
895 119
574 957
109 576
761 793
507 883
280 744
935 477
357 288
424 605
667 767
408 193
91 608
43 286
810 275
156 703
664 712
914 866
585 979
67 897
188 373
952 233
730 208
477 651
744 43
651 859
353 122
62 332
603 283
388 925
423 224
368 100
454 835
307 808
107 156
492 422
717 656
650 455
924 772
606 716
897 19
638 353
633 731
280 957
379 873
715 352
37 793
242 646
600 39
832 828
306 283
350 286
103 306
898 826
888 684
456 893
33 755
841 79
557 791
682 270
381 985
171 600
695 137
835 746
368 370
690 563
308 605
364 524
36 842
372 899
321 851
929 53
8 661
630 510
123 245
608 613
348 781
896 467
611 404
112 705
94 285
123 937
150 433
582 75
485 276
464 591
73 336
991 696
6 364
41 182
368 854
119 132
845 562
543 526
603 345
466 218
152 180
712 847
238 911
803 785
326 780
588 558
984 78
450 123
582 622
415 496
866 4
439 450
447 271
300 350
940 573
597 668
49 747
479 145
404 100
625 609
23 939
914 265
402 427
749 368
793 180
191 853
383 244
59 235
152 430
477 980
932 756
90 843
913 238
47 412
105 490
745 968
501 769
146 436
346 962
642 793
205 844
776 105
567 961
822 906
256 470
70 723
68 258
255 896
462 112
249 22
333 944
618 392
379 547
33 375
532 791
950 152
347 193
599 176
302 142
182 538
927 421
389 759
413 513
949 370
289 233
942 698
386 545
228 757
329 46
48 858
357 237
93 799
475 149
825 83
32 814
17 494
85 811
555 617
347 586
560 507
701 556
634 922
787 417
829 417
765 972
735 772
609 428
435 796
540 334
333 913
647 693
389 314
387 762
16 623
502 380
403 499
502 858
316 120
110 771
636 469
697 540
644 622
543 81
652 57
496 261
511 772
805 804
191 953
345 106
443 752
650 173
709 640
447 313
891 93
216 79
203 817
584 88
176 997
971 391
135 158
206 770
781 306
657 209
403 660
456 923
939 852
586 167
320 58
155 861
406 635
256 902
808 351
290 356
399 135
787 597
943 971
120 960
642 519
216 978
855 837
391 913
695 563
639 468
564 756
572 102
483 314
443 35
535 934
967 724
919 263
148 859
92 178
663 974
22 827
905 929
305 743
795 617
360 370
363 515
938 599
568 279
868 66
365 465
864 108
70 816
167 640
445 897
133 832
478 507
155 686
747 703
683 113
848 829
830 202
358 461
156 446
372 457
153 479
548 306
496 364
573 289
18 818
874 621
249 963
163 925
747 108
519 475
709 943
674 314
601 493
544 619
405 752
19 540
404 389
23 77
541 44
826 500
85 864
95 569
69 353
245 550
52 3
270 215
907 106
495 589
530 123
673 835
462 499
519 537
606 470
105 566
164 442
348 263
272 33
342 956
95 817
887 719
121 981
640 716
771 355
73 466
273 20
532 813
620 838
625 864
642 388
272 451
985 79
458 127
397 524
188 918
394 349
335 243
222 854
404 543
8 385
955 373
350 713
474 822
903 412
630 753
63 757
19 704
41 895
109 141
837 962
824 526
718 238
413 797
17 198
385 910
265 342
847 666
910 37
451 632
584 82
929 68
858 243
985 783
259 654
34 6
771 727
915 76
933 320
862 596
730 140
644 971
356 106
235 801
38 378
134 133
560 669
233 871
57 381
166 102
440 512
476 493
288 419
129 794
806 474
278 587
436 137
677 665
759 643
162 313
628 360
673 937
597 691
250 259
685 845
246 468
692 273
64 46
705 310
856 510
288 515
518 706
764 8
903 47
907 911
797 301
934 304
639 631
728 170
527 669
290 618
871 879
859 584
368 45
317 111
653 805
474 255
600 161
967 769
440 522
198 44
366 274
780 172
741 294
402 556
540 142
127 6
598 279
514 602
491 556
366 361
677 451
386 188
339 317
112 967
822 375
437 500
765 629
658 303
622 793
708 882
604 399
944 544
600 934
559 789
960 158
875 437
6 577
79 94
889 695
410 627
922 142
523 828
606 329
579 460
125 516
407 165
507 286
178 130
632 886
101 201
71 644
54 62
421 472
345 279
478 289
164 88
437 970
169 393
782 188
940 895
518 73
418 555
688 722
13 872
268 335
408 867
930 172
232 381
593 814
764 875
50 406
243 266
590 36
116 714
555 852
758 477
985 195
45 970
511 139
285 821
5 741
146 467
580 882
501 946
264 108
563 160
504 520
740 745
121 863
69 367
577 722
699 224
228 823
107 645
924 97
65 390
366 14
448 435
519 270
937 531
694 245
438 390
946 380
337 588
671 89
858 306
206 864
237 52
753 661
518 748
854 617
458 34
602 950
385 134
106 423
420 733
173 262
751 984
855 599
64 34
129 769
722 912
858 230
134 136
857 157
315 322
328 43
737 501
164 339
349 741
633 475
407 181
217 321
20 611
893 89
645 747
571 656
633 937
238 585
528 633
920 153
76 771
273 524
367 417
167 701
827 488
69 685
840 87
960 23
778 195
403 985
924 676
57 311
579 93
530 896
301 854
970 757
149 466
505 169
444 655
391 244
359 295
178 705
826 516
744 741
712 402
193 380
972 897
908 685
873 75
501 352
203 842
766 639
744 90
774 465
945 500
477 970
888 831
699 420
395 686
866 101
657 255
42 710
180 402
459 656
274 561
497 6
544 303
944 534
466 169
151 509
92 499
470 409
55 558
61 559
305 38
235 904
267 531
19 142
214 40
531 48
850 28
952 307
241 331
791 847
854 918
260 134
525 674
716 616
256 597
64 480
553 799
373 19
192 809
752 567
360 37
779 996
703 137
158 381
397 613
9 369
86 504
834 692
48 212
119 767
667 956
538 774
324 212
8 474
285 503
648 570
723 980
377 582
3 383
971 276
710 738
165 955
912 570
53 844
905 102
778 571
389 555
164 137
316 944
815 951
556 916
49 341
678 611
702 411
323 506
754 174
333 673
390 526
666 837
206 409
341 277
890 817
726 34
276 511
665 848
140 970
838 9
17 598
815 635
531 684
169 119
107 29
116 317
727 385
629 826
185 728
38 943
271 93
51 224
275 875
221 666
87 749
186 704
285 368
21 548
248 21
608 809
398 378
529 170
586 581
661 426
70 821
161 959
854 178
605 187
353 86
211 462
182 895
636 227
453 49
134 901
211 787
813 559
356 112
780 806
12 232
689 45
853 274
69 276
880 186
698 206
604 535
972 749
539 239
597 219
379 305
272 792
702 464
207 200
570 903
859 440
42 456
496 508
191 319
160 659
442 315
896 873
255 884
484 189
518 563
904 489
571 342
888 35
2 800
778 99
754 383
551 568
54 292
413 152
309 113
806 297
599 601
828 540
391 796
766 870
15 18
736 110
378 889
969 239
426 801
850 180
415 17
143 785
134 438
341 873
605 944
760 535
384 571
299 120
777 537
789 758
155 315
395 704
544 936
565 922
576 646
176 706
327 302
165 83
519 738
798 287
380 882
378 708
767 284
620 769
128 90
580 294
495 343
76 493
314 688
814 613
553 944
101 676
60 702
649 190
847 835
552 352
392 735
49 227
614 916
896 269
436 775
318 851
192 387
155 953
532 935
161 741
454 494
761 981
490 441
447 965
204 560
375 992
160 31
373 724
569 875
447 331
362 420
94 399
835 555
870 90
816 489
501 363
786 320
10 337
301 65
438 797
634 759
686 25
50 484
954 949
273 589
402 318
284 64
654 321
924 2
594 129
400 634
581 968
191 77
475 241
539 106
227 655
198 588
962 762
417 174
472 859
355 876
846 599
2 749
219 779
824 605
357 203
99 219
496 812
242 6
895 438
13 470
311 223
195 751
347 903
253 926
406 91
786 891
483 443
751 601
356 756
401 221
84 323
408 800
44 9
700 251
15 747
532 241
942 295
196 539
670 181
226 36
650 906
420 16
309 141
765 91
746 399
878 743
520 250
475 649
206 637
758 933
759 594
883 917
438 456
303 259
681 647
420 178
316 276
338 431
149 300
328 748
686 720
666 767
485 149
95 119
70 100
840 482
964 363
788 653
653 967
260 254
540 715
828 737
951 873
176 375
442 155
368 295
190 558
617 458
863 128
923 597
890 845
463 326
260 105
843 995
603 924
425 829
829 84
467 818
83 843
808 601
384 385
50 543
263 438
305 833
801 678
808 567
931 589
475 245
311 788
937 257
202 950
627 303
801 658
355 202
55 917
866 259
880 330
755 145
320 762
725 965
427 568
130 445
83 649
568 935
909 734
927 589
929 626
953 39
505 81
9 623
769 558
750 641
388 490
32 877
822 439
875 441
468 767
504 63
398 84
516 667
883 680
48 937
743 655
823 739
421 108
683 620
232 412
914 218
826 916
247 460
857 488
211 307
376 159
557 113
726 201
771 148
248 640
843 176
174 614
492 536
897 691
104 109
48 871
347 504
234 217
234 676
811 410
792 311
356 681
973 851
567 834
813 97
64 325
4 42
831 651
479 220
416 355
422 748
186 634
260 204
649 952
176 935
424 174
459 748
365 834
174 673
340 937
377 354
669 931
699 545
182 232
83 468
293 732
355 268
530 992
633 760
390 514
192 941
897 293
227 975
783 119
513 352
75 299
719 468
326 999
535 930
797 826
268 420
410 998
53 312
432 280
133 670
899 545
280 515
684 797
266 663
698 6
490 392
592 675
889 20
33 101
913 995
568 690
455 900
117 440
602 175
999 308
446 616
966 389
173 83
202 731
494 535
691 508
825 670
98 841
982 47
993 779
482 390
834 735
92 504
627 681
879 558
271 899
833 622
7 63
293 86
676 673
168 433
593 234
834 534
810 628
798 382
667 161
224 15
392 750
962 789
362 269
997 630
890 283
264 201
190 174
128 928
31 65
348 695
49 617
673 373
419 67
754 154
236 406
499 671
468 932
259 137
336 337
749 258
149 651
705 231
709 135
698 653
857 126
952 178
342 828
251 414
739 747
806 314
750 471
994 519
845 688
958 500
723 599
308 385
53 291
369 508
912 226
991 205
7 850
197 635
187 739
516 150
940 538
148 380
289 843
947 384
204 832
17 367
486 788
49 835
937 169
563 320
229 10
111 57
125 764
941 525
217 724
445 236
530 852
526 932
992 12
3 366
781 934
872 129
23 186
749 482
231 97
752 368
450 597
647 445
772 513
733 500
489 840
107 835
510 1000
658 675
333 371
583 658
744 998
52 916
459 449
706 384
26 183
658 20
224 270
108 871
964 152
803 69
207 751
255 859
813 878
517 281
761 652
574 232
902 230
988 660
453 423
794 462
935 536
168 19
361 358
988 269
4 483
210 29
974 773
701 317
773 199
91 676
427 758
805 766
665 566
34 372
116 734
377 461
816 137
356 246
98 643
740 479
314 134
962 218
800 604
316 627
397 344
251 985
389 696
625 897
857 416
275 331
919 174
877 737
319 915
763 798
814 403
108 926
22 560
998 691
30 849
331 47
442 107
906 952
707 77
423 9
374 471
416 832
780 513
353 802
104 244
554 202
449 566
83 706
968 558
400 702
457 448
970 319
186 137
638 566
221 601
107 732
725 720
241 760
444 398
375 88
958 20
909 995
3 639
590 302
857 265
303 729
328 708
733 969
298 294
688 507
827 534
279 735
369 964
996 353
990 499
841 680
86 65
913 943
126 182
323 220
23 705
134 922
682 884
64 274
716 502
978 53
70 44
762 952
698 457
612 32
563 36
498 308
666 560
564 887
725 915
161 417
190 12
255 916
139 999
457 745
859 998
626 479
683 490
912 195
849 730
607 125
839 184
804 134
347 822
411 429
956 329
275 178
778 712
259 864
480 246
341 377
742 249
500 182
417 474
600 253
741 419
887 925
987 328
977 401
227 748
472 930
379 593
782 258
554 595
651 575
241 323
590 156
756 799
970 536
918 450
816 743
397 149
338 866
106 967
326 227
897 623
554 323
999 26
243 579
636 703
417 765
951 531
101 350
138 651
635 910
291 63
419 844
415 164
540 765
171 30
453 760
664 596
858 821
94 725
5 65
377 83
785 749
662 675
955 786
885 550
773 785
643 81
326 612
981 146
967 38
465 670
802 71
291 821
699 132
549 670
35 308
286 852
850 749
675 725
545 526
696 48
201 29
815 367
778 696
287 563
419 535
560 90
224 37
448 214
749 483
765 185
927 529
476 946
708 42
772 966
221 89
648 368
774 958
920 639
234 906
736 617
544 300
667 761
581 106
105 456
840 626
248 813
338 585
200 228
887 377
757 644
244 839
43 291
94 740
431 616
740 91
863 666
32 966
700 155
509 604
255 792
530 425
600 542
111 792
660 265
878 725
364 555
913 844
224 458
815 745
831 891
597 435
931 226
236 646
604 634
166 442
116 150
156 367
451 205
42 572
486 466
128 389
174 223
213 181
233 263
659 273
561 910
490 638
445 110
229 379
31 332
725 135
741 613
455 11
771 439
853 505
133 911
787 973
296 504
444 973
669 434
612 420
58 133
87 292
121 787
365 794
345 314
163 4
357 296
768 563
747 575
866 266
52 47
967 363
451 761
215 443
757 224
420 735
374 862
204 206
804 558
700 301
215 26
887 88
527 471
652 924
714 356
164 906
618 525
766 312
30 989
462 716
347 708
762 417
688 556
184 647
274 849
978 240
41 605
409 25
182 7
686 134
319 114
198 648
742 902
30 277
713 11
35 361
713 635
261 377
424 471
207 928
717 963
906 980
813 940
976 991
40 586
111 436
111 265
343 123
238 841
107 822
238 255
688 462
600 603
461 856
880 502
553 793
471 883
559 575
997 344
596 731
788 21
311 472
522 548
569 937
66 754
211 725
786 30
783 762
813 327
15 369
607 235
428 824
797 986
72 201
775 989
612 1000
435 377
182 258
709 979
174 143
277 301
232 132
540 344
760 428
674 872
83 637
373 260
137 502
926 687
605 943
461 780
201 115
559 26
505 961
853 337
659 468
427 308
55 831
652 764
228 58
872 273
854 577
710 791
971 753
102 688
985 906
625 574
505 656
384 586
181 112
357 73
965 11
376 756
121 803
51 2
318 695
664 21
561 9
175 636
865 398
867 215
814 909
874 107
379 313
872 320
70 235
782 718
623 905
960 498
814 150
529 455
59 303
214 293
872 480
984 201
84 945
831 364
259 274
443 136
666 704
616 738
642 89
359 95
24 524
450 801
604 351
97 831
500 863
327 750
48 538
114 193
28 431
108 909
296 436
170 584
605 366
115 831
374 950
479 481
203 53
76 121
312 489
339 300
102 335
204 27
469 586
565 745
585 467
856 180
105 822
95 366
395 867
368 305
250 238
388 629
299 238
870 868
945 5
265 199
333 869
495 954
167 640
501 209
575 140
10 160
174 926
550 861
685 844
531 754
609 566
526 974
174 146
104 216
909 764
165 534
456 159
784 146
389 989
390 613
17 114
477 734
541 531
41 434
863 697
966 579
338 508
95 396
71 269
90 26
279 498
404 45
88 896
131 847
400 817
344 757
805 153
88 567
508 830
892 851
792 350
784 890
87 368
323 60
646 715
366 719
413 497
479 816
661 489
42 529
288 344
222 951
214 56
339 208
105 580
468 797
280 176
125 780
788 744
946 373
748 220
558 968
630 905
734 281
188 181
15 910
468 396
238 842
433 875
784 283
553 434
597 911
919 866
692 540
714 826
948 628
283 925
657 702
574 212
75 725
727 381
972 208
477 422
222 324
375 571
389 639
304 582
946 771
618 317
52 82
878 407
923 336
184 195
694 785
416 194
579 96
463 157
7 802
548 863
168 984
885 131
326 880
609 597
656 610
308 836
152 529
185 650
740 684
383 413
568 345
522 966
711 317
10 814
744 296
519 402
39 981
138 685
418 899
479 890
474 891
233 488
115 635
575 63
435 656
799 992
93 64
956 225
247 616
599 512
598 519
479 265
271 750
920 453
980 163
553 917
886 41
530 542
394 172
121 206
563 296
84 604
628 255
350 984
592 55
295 514
246 444
859 814
69 697
72 109
931 173
635 557
500 255
747 972
221 280
108 562
357 427
981 97
704 751
987 560
644 740
522 265
172 334
282 752
282 776
610 879
536 463
174 121
500 815
561 800
934 214
3 381
422 377
999 659
11 314
629 178
518 246
131 200
228 950
292 597
616 585
204 697
54 893
666 38
947 573
38 128
639 921
87 792
648 801
71 80
972 234
323 747
809 300
777 127
660 269
801 818
242 378
299 800
768 413
480 878
627 441
338 102
307 24
96 449
218 659
987 191
408 468
691 333
512 183
50 327
874 702
593 190
156 918
39 711
662 395
963 55
818 334
334 728
138 610
93 799
957 35
3 180
10 599
569 309
852 492
784 300
601 574
309 483
672 126
671 3
70 605
830 654
39 219
964 876
718 190
883 864
174 853
69 555
422 843
808 664
821 167
812 651
598 986
469 34
93 250
572 506
966 1
253 296
945 972
893 219
736 50
234 402
270 587
813 416
