200 1000000
13 419
982 828
337 763
525 882
404 954
336 968
261 779
325 101
60 986
297 108
844 176
977 295
550 283
842 855
282 507
863 718
960 29
529 352
391 125
780 565
619 584
628 324
261 370
675 878
680 357
108 4
772 227
770 322
165 339
300 972
178 697
570 972
72 463
392 598
590 648
933 191
817 68
129 86
829 317
409 766
771 413
849 221
62 631
787 782
107 546
600 852
465 460
141 397
615 179
979 715
990 954
702 739
718 164
876 158
922 428
167 536
519 924
988 334
85 22
942 698
893 871
373 823
815 91
915 111
814 887
686 538
780 565
15 832
970 906
87 792
153 148
919 448
131 350
694 738
655 399
855 739
46 894
966 855
833 967
303 612
415 138
127 718
760 652
216 166
701 285
182 448
75 854
209 151
4 714
451 129
627 438
990 631
483 253
427 349
257 624
895 925
668 359
952 532
485 172
168 419
740 367
718 739
107 487
67 47
674 735
452 282
87 88
655 441
620 412
65 609
845 709
641 76
433 595
855 744
553 129
688 212
253 625
305 638
240 499
808 432
564 271
792 796
403 143
857 754
298 583
921 362
851 618
70 273
766 429
228 30
967 941
536 146
422 810
570 201
768 128
964 482
17 619
242 96
49 606
964 972
597 746
837 251
448 45
30 781
829 839
683 808
737 891
585 997
211 864
265 926
874 964
281 919
981 34
730 539
515 956
187 267
518 315
758 774
247 897
488 239
940 482
849 242
341 448
945 100
737 802
917 671
651 122
599 418
810 979
294 776
785 791
916 751
382 804
708 540
206 748
564 26
444 764
767 743
381 932
412 183
85 246
380 104
893 470
825 182
564 585
38 477
398 810
6 420
69 677
587 33
126 329
396 630
208 414
968 397
853 967
293 109
801 167
423 768
480 620
784 868
