500 50000
983 484
410 637
468 347
576 807
259 360
200 641
831 438
513 189
64 761
154 733
531 651
816 773
793 62
326 337
397 679
991 519
394 451
80 249
322 366
274 532
923 853
682 236
147 57
281 40
132 387
746 589
550 652
822 595
14 614
206 793
133 448
650 191
609 84
536 290
495 320
686 614
853 564
414 707
267 346
761 918
974 824
933 745
417 332
255 278
518 980
619 184
604 765
287 705
698 151
281 133
579 862
934 970
840 291
745 327
869 728
675 96
599 245
55 751
363 919
726 47
110 742
801 930
956 626
313 566
770 44
528 835
138 825
843 496
553 954
584 752
568 918
491 534
109 191
267 507
842 200
513 7
377 74
11 544
922 289
398 47
991 666
512 44
471 653
145 424
333 32
972 406
779 875
776 571
229 164
494 241
29 262
706 33
975 482
306 819
886 607
23 628
331 867
477 624
643 796
592 445
602 858
775 625
743 646
902 378
47 703
815 475
814 434
491 702
303 790
110 804
298 832
390 919
907 240
629 327
148 254
480 93
754 768
642 979
577 129
758 731
548 997
724 607
232 597
778 174
103 947
190 182
431 583
204 711
397 367
610 886
596 26
1 477
177 606
632 829
973 681
65 397
245 63
79 21
905 354
741 952
848 480
897 376
343 727
14 257
846 332
754 220
834 330
500 876
807 712
250 790
97 417
264 167
298 793
177 947
517 286
179 856
877 514
107 990
337 797
893 75
316 594
738 63
803 146
968 929
789 199
787 71
172 186
297 86
897 583
710 698
759 14
60 175
709 795
705 695
863 742
118 465
300 865
831 43
121 928
113 250
476 415
619 798
757 818
391 600
862 759
589 9
368 590
648 71
530 1000
837 406
185 895
972 775
722 707
22 623
426 3
188 660
825 994
99 4
305 852
623 84
497 539
614 441
625 146
892 104
617 985
684 481
227 985
334 772
789 757
303 525
299 917
410 211
946 595
89 679
366 464
236 935
765 640
11 999
348 193
990 250
936 685
693 86
164 65
895 232
584 709
33 14
207 682
2 882
363 577
753 419
540 334
64 397
479 420
681 9
409 83
302 479
380 306
320 875
892 856
925 956
437 5
92 500
263 685
232 188
412 551
660 654
740 314
255 207
943 947
339 366
470 618
403 117
258 33
420 44
292 599
531 584
273 88
51 344
370 714
922 167
366 17
528 67
700 217
628 616
864 467
318 534
446 332
585 738
315 392
833 103
294 747
374 123
217 47
644 709
546 666
544 893
111 773
820 227
871 106
246 792
454 581
813 152
760 683
782 239
789 83
780 499
814 683
107 140
773 17
546 605
166 253
905 101
353 668
550 959
719 183
994 924
290 511
854 486
845 688
1000 565
62 804
480 27
465 65
622 659
170 908
457 815
207 641
171 23
975 48
789 488
366 716
920 861
279 345
613 15
597 907
327 26
731 204
662 387
699 172
341 744
471 450
850 558
784 448
856 974
272 966
614 265
259 880
496 725
110 632
337 132
791 924
413 754
868 222
945 341
918 968
147 635
367 278
778 434
472 818
578 907
338 904
935 755
692 987
578 709
924 337
645 91
741 842
309 254
892 352
760 693
10 955
708 659
25 681
730 636
655 702
27 519
747 636
520 952
25 438
167 17
297 567
152 183
483 784
956 605
115 674
194 945
200 348
288 96
684 489
746 731
864 245
661 439
413 27
438 7
467 669
341 355
414 106
315 905
402 883
270 941
664 344
458 738
670 252
546 379
811 265
713 336
56 424
727 780
827 304
439 687
349 160
912 785
460 575
216 673
592 2
416 226
196 450
881 492
690 506
92 498
923 375
346 566
725 917
396 39
307 70
807 233
30 340
771 580
241 824
220 312
276 487
255 917
245 998
274 501
556 117
894 366
893 574
75 904
926 6
685 777
954 43
627 10
267 517
24 392
915 765
182 868
565 651
495 209
915 400
881 250
280 622
595 738
545 198
849 379
590 52
536 16
142 551
239 508
727 723
479 473
756 5
98 423
901 516
196 744
510 550
835 489
586 500
117 961
823 655
346 84
124 729
916 149
30 569
979 732
124 815
493 934
31 963
144 699
978 54
425 795
998 506
965 107
812 403
619 441
56 901
899 447
733 837
205 766
150 572
967 954
829 631
135 776
733 36
409 646
785 849
452 118
201 635
999 258
35 44
564 958
887 57
936 953
654 568
891 732
454 96
913 573
584 50
879 911
94 135
307 959
446 64
221 69
504 709
73 8
398 63
340 732
959 443
112 829
812 942
412 731
