1000 50000
813 322
656 444
229 922
911 669
588 80
580 700
517 865
471 110
591 571
467 560
173 904
446 736
389 84
991 708
221 122
461 314
801 189
959 174
22 627
260 24
808 561
629 515
155 158
992 444
605 573
333 391
73 735
754 519
522 798
80 240
794 680
798 867
620 60
440 110
86 517
447 912
497 139
138 127
784 651
781 609
642 293
518 988
677 586
101 625
323 920
761 47
779 431
342 110
995 578
782 674
756 116
250 160
866 325
1 772
697 27
314 913
173 464
658 218
818 325
815 146
127 931
441 979
838 593
921 750
279 394
738 561
17 114
599 464
641 929
211 826
423 176
367 549
568 616
84 33
865 300
299 599
847 936
443 72
416 684
34 595
759 269
565 821
157 151
152 887
346 745
790 783
844 304
376 498
870 369
47 681
598 500
383 925
182 292
247 257
263 108
329 496
808 97
335 718
193 153
592 219
116 203
906 731
844 502
74 682
766 371
966 48
518 932
109 236
69 25
333 706
120 875
175 979
836 895
325 496
995 93
613 272
285 550
415 555
833 941
167 783
426 60
657 469
716 370
125 665
963 750
546 917
520 556
894 165
975 491
750 799
461 614
161 646
992 500
295 565
283 689
58 48
557 604
834 374
558 695
909 965
875 441
647 33
44 681
967 284
552 693
966 423
579 958
644 413
823 585
942 559
989 572
199 159
475 197
381 760
117 807
667 711
704 589
757 874
21 13
368 576
867 200
498 519
600 392
280 936
597 451
604 838
593 249
764 299
380 84
704 236
17 295
483 760
204 207
472 382
295 447
204 836
320 588
506 839
295 125
758 229
399 834
704 50
328 978
735 710
529 367
201 157
621 553
668 49
533 875
807 392
546 256
471 48
76 745
469 266
695 464
106 83
236 916
190 955
89 663
122 88
727 755
332 964
421 82
685 937
591 672
47 907
875 483
721 544
15 914
986 143
683 923
152 150
510 444
304 468
268 696
512 286
453 364
587 770
498 89
989 32
99 284
560 108
857 953
238 192
258 197
25 640
857 516
192 510
450 942
706 28
241 243
121 183
868 924
441 94
159 750
739 993
469 28
11 993
905 559
435 51
199 557
653 116
360 710
90 257
914 40
473 920
197 15
319 257
450 315
284 858
99 253
313 823
392 631
864 351
339 340
798 761
634 100
798 13
804 268
464 567
868 665
434 5
654 886
820 591
314 600
812 841
564 313
581 469
821 888
240 611
136 420
246 256
435 710
119 987
290 866
699 948
421 363
237 566
235 330
773 772
91 663
128 856
35 441
345 892
871 901
210 614
345 89
365 667
829 283
404 723
47 191
608 324
393 1000
104 480
249 997
394 835
361 163
303 597
916 59
29 163
738 817
841 812
834 77
745 559
240 51
503 401
65 173
862 17
472 841
778 541
288 217
192 644
272 595
329 342
96 696
472 796
937 315
109 133
824 27
414 13
955 195
135 957
973 415
91 265
495 337
503 605
887 955
940 42
818 699
81 125
769 722
205 597
310 332
366 822
806 688
323 871
908 845
69 350
27 656
905 815
382 907
872 843
123 605
220 753
945 154
703 443
635 281
528 178
760 948
926 262
934 50
294 945
484 155
723 672
477 421
493 140
629 693
281 315
555 667
63 754
430 972
697 415
459 727
452 813
920 314
209 915
143 830
446 179
660 875
290 549
654 606
312 416
369 358
856 445
111 470
846 41
933 836
562 111
192 929
705 479
19 982
637 613
153 899
498 334
778 176
699 650
194 645
47 284
358 916
441 331
993 538
327 697
791 418
204 583
695 666
279 663
775 186
841 935
274 328
54 390
15 835
915 288
180 589
911 177
910 738
279 253
762 914
423 126
415 585
780 413
834 435
434 564
777 725
311 918
371 617
155 466
40 782
255 761
542 792
961 282
488 697
919 962
232 686
445 595
419 666
214 302
473 428
180 222
607 25
772 335
209 705
308 758
314 155
695 762
919 70
896 202
440 365
299 661
248 550
306 865
446 23
996 964
909 639
212 283
145 127
402 445
326 612
915 436
895 208
586 470
544 291
928 321
284 659
442 58
9 736
907 808
320 221
519 536
920 826
250 152
109 723
675 113
240 370
757 327
122 598
822 104
59 679
591 773
702 339
506 474
151 464
63 590
404 379
974 708
506 365
738 501
338 696
700 43
515 228
255 145
718 429
201 19
318 388
192 437
333 427
368 664
324 867
959 518
265 622
755 950
540 47
538 185
764 230
115 32
241 294
774 13
301 345
946 852
320 259
789 931
98 693
906 697
435 296
336 961
284 810
664 210
528 515
737 566
772 36
801 247
482 57
397 785
32 336
925 150
27 482
321 973
737 443
743 449
844 338
336 621
576 69
962 929
906 952
851 708
111 90
355 529
379 433
862 735
26 432
208 708
987 850
49 704
653 999
942 86
445 873
597 916
280 973
656 443
141 605
208 126
853 76
864 628
656 222
129 45
528 487
877 601
73 265
134 250
477 384
529 267
630 347
487 584
951 803
50 755
295 421
918 322
109 811
135 459
651 823
720 26
361 648
104 576
944 953
247 176
403 121
660 906
191 335
234 547
137 920
511 500
265 962
870 407
300 680
229 384
125 299
867 664
189 920
690 528
606 808
119 255
764 696
983 677
273 314
556 207
704 799
653 75
198 627
437 341
76 549
174 422
327 679
67 605
75 469
231 194
885 845
983 462
385 274
39 225
968 552
58 675
748 885
903 707
121 26
906 401
116 381
940 933
381 569
480 655
394 4
788 310
590 840
883 168
872 950
591 693
130 35
690 666
897 83
423 790
458 324
771 472
566 333
355 614
102 958
722 875
651 945
139 708
385 268
236 503
829 925
974 877
418 163
744 617
892 776
417 928
334 224
249 860
554 539
639 728
437 103
859 271
474 293
289 872
216 797
783 528
817 583
288 370
796 825
541 577
777 713
330 986
26 556
528 501
307 559
7 791
963 311
881 645
89 640
182 362
954 578
585 139
309 393
186 173
425 909
49 352
605 449
233 294
946 391
65 418
727 98
818 275
376 424
957 849
291 904
251 348
810 625
866 364
700 893
505 688
606 549
370 544
213 898
327 385
524 616
831 219
667 135
600 50
268 882
333 709
411 458
576 859
552 609
959 740
366 322
313 146
948 597
206 609
489 757
608 562
695 126
3 787
976 249
860 449
399 690
189 341
333 275
793 838
647 814
875 765
545 311
766 236
195 38
922 186
851 609
590 813
304 929
331 39
820 996
654 846
184 934
961 713
579 169
651 809
881 926
100 152
469 38
286 48
8 293
255 649
446 70
57 4
176 437
532 244
879 180
806 860
430 702
310 635
230 864
220 133
575 273
886 765
716 651
223 921
28 593
250 501
197 410
41 603
492 195
114 491
579 565
699 765
713 78
715 112
496 931
12 779
806 332
465 882
6 669
188 965
804 7
340 886
28 306
750 666
356 871
498 395
352 955
59 785
280 780
523 41
982 391
59 225
968 571
805 718
387 67
792 445
325 166
127 777
911 661
747 603
932 951
749 395
327 194
537 442
228 185
493 979
359 691
164 346
926 125
75 160
623 662
48 908
762 352
990 764
374 924
725 700
931 227
839 696
909 675
245 992
332 292
361 176
187 961
529 614
243 69
751 908
61 574
343 599
695 203
783 647
672 698
132 990
289 634
825 216
93 64
242 516
670 422
238 37
796 784
268 327
326 847
193 515
1 885
662 84
922 700
855 807
653 874
64 816
219 180
480 963
541 786
360 42
541 644
237 244
673 277
594 378
666 321
487 35
805 481
685 450
281 221
948 887
854 296
642 617
89 789
341 395
317 795
365 71
266 871
861 658
565 80
370 501
42 406
473 200
234 657
669 592
555 838
988 559
230 928
967 185
29 260
654 469
318 639
604 93
108 452
283 16
269 448
740 273
988 337
320 888
687 272
336 666
902 415
947 883
723 729
579 683
5 566
833 870
383 277
11 447
462 484
380 314
513 864
352 246
98 426
972 961
766 592
298 449
255 806
935 255
446 689
73 257
430 146
507 683
836 980
54 518
833 469
193 560
368 895
650 888
424 467
861 27
854 587
410 283
135 378
827 681
737 944
657 450
618 668
328 306
263 814
461 288
211 740
937 873
582 445
976 779
897 266
247 167
393 340
686 969
625 434
880 198
16 856
792 768
879 982
25 124
139 584
550 895
633 956
939 540
521 821
665 482
134 53
734 594
71 663
305 933
424 73
999 945
411 189
882 914
862 650
126 208
800 78
974 70
126 964
319 546
321 730
644 745
308 226
836 799
878 69
66 621
187 535
500 433
263 161
559 581
232 642
567 477
165 519
271 73
106 245
339 379
349 500
893 251
358 340
921 815
359 464
638 374
314 20
514 906
555 696
560 182
88 148
77 654
479 322
422 252
956 374
301 960
787 253
313 786
104 687
979 491
376 331
703 483
505 53
542 392
107 384
820 893
862 832
13 956
770 619
211 619
420 336
183 768
754 774
896 948
664 276
333 84
798 466
941 647
685 615
16 499
