2000 500000
377 977
860 524
721 110
917 579
117 817
92 393
842 589
523 362
617 699
482 473
247 613
81 766
694 957
287 704
583 367
117 47
398 405
342 247
609 751
262 807
613 194
637 462
948 381
639 856
242 367
365 329
882 468
693 155
356 730
17 112
937 874
283 697
318 93
255 834
379 229
751 538
49 752
397 23
156 544
269 53
333 506
598 935
316 752
597 617
639 943
359 966
734 13
673 622
750 69
374 912
822 493
694 909
74 701
540 45
653 569
935 890
672 448
921 201
658 55
756 896
614 346
644 32
457 329
53 515
803 233
561 334
779 220
548 513
453 632
369 830
768 472
940 477
666 163
825 829
663 93
333 523
574 508
658 292
25 753
247 263
328 963
135 504
850 928
94 18
157 779
652 174
202 456
932 542
936 185
945 702
683 327
896 541
557 182
304 646
227 661
387 174
642 169
809 907
949 124
287 85
540 113
443 564
73 497
493 139
481 532
166 799
13 192
717 515
968 233
437 356
336 929
745 245
246 28
606 76
885 723
664 359
114 750
406 696
810 768
504 374
421 229
992 976
910 77
548 69
983 837
447 777
805 593
652 754
921 91
83 725
418 754
660 314
996 426
445 422
346 926
988 440
633 835
777 793
917 985
631 509
102 688
839 556
704 676
311 566
460 565
483 698
324 199
946 169
371 955
253 19
845 832
624 532
625 479
56 230
311 657
145 807
555 93
521 802
369 888
950 223
845 142
954 123
824 471
900 47
788 260
992 932
447 811
283 47
553 286
663 851
550 308
598 658
409 122
509 548
817 658
250 291
815 342
499 699
994 295
673 364
97 123
780 946
738 15
840 619
752 36
649 261
560 38
274 162
95 575
162 954
973 661
705 372
113 905
781 958
831 203
332 492
696 519
141 323
188 482
78 928
449 974
291 873
609 611
236 682
462 606
940 618
801 897
997 33
11 851
442 997
928 114
466 672
23 245
799 732
884 848
217 662
722 789
488 215
204 662
193 739
305 822
207 108
343 35
806 696
651 897
28 20
295 536
699 457
326 587
403 137
689 674
901 313
937 589
544 374
923 215
629 637
856 366
316 950
421 462
411 792
933 745
203 99
322 44
140 318
765 608
457 423
920 441
373 93
468 761
496 924
173 130
534 144
277 950
777 354
667 779
951 178
124 286
2 627
70 935
356 523
395 283
614 187
158 169
955 699
61 736
890 360
758 2
827 944
836 374
953 787
690 52
732 832
931 568
371 126
648 509
777 113
910 63
729 164
312 204
530 875
149 794
537 231
580 670
555 519
715 554
72 643
236 812
323 293
778 620
684 16
290 826
748 168
32 47
923 524
649 857
940 224
316 757
807 230
808 942
109 777
700 866
921 608
564 687
872 456
46 789
896 18
358 660
340 219
635 626
34 535
815 167
45 191
140 141
631 81
31 720
525 398
875 670
335 251
10 34
837 587
43 186
816 375
949 433
832 931
326 171
708 527
264 164
888 396
818 195
897 249
318 625
969 578
37 912
170 461
315 578
391 223
43 66
289 892
437 41
672 575
637 647
788 660
709 133
480 16
974 318
316 829
253 681
778 910
962 342
679 561
597 729
575 706
607 340
783 484
944 638
218 988
209 474
732 133
981 974
12 422
955 211
855 618
161 286
821 177
223 696
487 689
481 794
222 440
193 323
948 679
786 717
629 599
470 943
555 727
375 305
855 702
564 739
933 173
362 858
357 321
476 103
896 606
721 816
507 269
116 116
791 95
106 342
323 969
420 499
536 695
978 625
149 240
222 598
919 971
40 46
15 679
572 488
74 543
390 172
38 611
261 538
654 171
511 504
708 787
792 721
751 831
509 24
460 557
240 142
863 868
234 579
118 938
919 187
960 816
110 751
405 904
57 54
820 895
174 508
515 875
907 477
390 462
155 465
872 512
276 429
224 329
477 449
991 658
452 646
724 16
700 130
529 797
351 395
783 80
973 182
896 46
215 40
965 494
953 397
489 773
739 966
519 688
546 42
599 297
889 266
579 794
206 558
386 100
988 918
828 439
336 661
784 791
701 244
580 385
446 261
350 762
182 342
173 932
848 1000
960 842
848 781
636 10
710 115
983 138
550 522
561 161
544 620
621 975
739 596
418 160
145 717
169 457
556 200
866 980
258 196
593 860
283 690
256 780
846 188
646 837
288 624
8 617
397 678
207 369
265 410
631 653
519 53
852 338
617 340
677 889
783 967
896 96
399 883
174 501
184 148
530 397
383 477
844 234
815 351
32 694
467 902
170 720
536 616
796 740
491 127
660 830
2 446
802 43
94 453
221 125
91 498
617 342
987 627
305 991
422 447
869 877
517 465
435 554
975 299
803 830
376 895
365 83
643 823
920 566
694 280
331 29
461 154
199 786
28 811
511 640
904 909
775 140
397 476
907 51
998 763
617 808
571 694
271 653
333 368
257 274
378 434
712 578
222 791
896 982
6 660
208 19
275 492
67 148
284 907
29 527
346 17
50 372
875 299
603 971
713 385
662 526
639 262
16 895
855 267
814 350
680 448
223 642
65 726
565 414
58 573
467 401
430 878
569 249
644 236
550 692
321 770
914 866
17 602
299 943
890 836
294 492
142 248
665 266
282 370
776 452
819 811
608 1000
50 782
30 483
362 318
146 19
178 23
346 388
786 98
936 295
19 418
673 119
148 30
669 789
866 613
891 461
286 588
213 671
574 619
136 363
50 122
873 727
83 829
368 308
581 451
885 819
657 373
991 467
278 654
548 224
376 894
775 600
420 658
671 251
821 679
681 638
610 17
26 482
930 261
207 27
492 49
724 842
122 407
389 519
149 66
957 498
437 208
699 41
721 454
340 299
666 409
968 139
41 71
682 471
563 476
446 184
602 88
930 446
882 253
918 670
503 500
230 716
835 306
733 584
900 41
260 170
221 509
975 151
937 570
328 528
960 502
87 245
188 120
440 385
85 645
488 663
59 702
933 25
461 363
797 828
151 466
681 230
786 913
498 467
105 953
16 889
621 279
387 254
128 101
132 810
8 631
698 203
957 518
457 394
465 786
244 705
245 217
366 286
874 625
410 904
382 755
33 353
476 658
69 229
549 86
446 716
717 77
247 756
215 49
152 23
29 71
470 140
917 869
687 547
811 704
731 388
792 479
189 844
680 102
517 368
767 254
534 236
94 393
563 769
23 674
678 153
946 460
794 996
366 579
643 804
33 24
855 714
824 618
109 634
607 830
116 559
8 935
39 935
2 939
944 895
573 962
530 193
276 575
410 142
31 170
16 990
886 968
821 428
992 345
114 482
843 639
256 774
13 2
375 172
959 722
516 225
567 57
633 241
923 507
146 536
603 448
104 527
279 585
365 55
41 778
864 551
787 631
301 430
34 121
39 852
727 835
497 146
524 759
778 37
163 916
934 229
909 522
325 268
262 553
691 34
40 110
671 145
149 876
82 1000
426 154
305 437
343 439
262 237
846 313
467 299
801 988
704 471
387 71
779 145
427 802
208 185
971 394
86 831
102 728
134 10
748 785
818 495
223 200
567 479
900 570
517 80
776 780
754 259
38 357
167 296
591 593
740 169
12 858
152 198
416 705
286 850
766 439
782 415
353 329
912 564
528 191
609 360
967 156
980 61
341 325
712 298
679 98
687 987
741 893
874 706
303 746
689 422
769 536
810 306
356 160
126 945
840 225
186 347
470 378
281 650
717 301
895 61
313 984
557 201
429 889
316 333
43 52
948 379
134 516
551 310
830 195
918 167
195 334
346 896
37 582
746 715
988 180
592 306
694 429
793 182
198 377
923 131
942 900
134 496
263 111
395 769
869 817
652 370
640 196
51 985
393 124
728 692
68 423
392 887
46 189
377 916
727 273
963 936
279 990
79 41
45 468
298 727
325 894
264 945
307 630
801 433
226 567
776 962
605 249
337 710
491 809
629 274
239 42
835 613
688 703
43 851
906 910
386 654
438 938
944 414
111 213
612 342
317 225
24 225
370 789
38 650
473 849
399 78
68 988
847 675
555 397
582 156
591 999
127 864
274 126
289 739
746 936
658 437
94 582
85 644
424 103
280 665
934 305
608 394
784 5
640 857
756 534
789 559
65 773
3 254
550 505
385 674
618 351
175 732
901 667
457 61
905 527
547 79
569 86
560 897
332 464
324 214
99 50
95 994
272 173
737 531
487 426
945 786
473 769
2 431
239 68
997 560
751 890
926 325
872 477
527 651
332 483
153 402
149 160
152 31
42 324
726 760
11 562
656 524
306 613
315 194
870 755
273 163
867 249
36 874
610 889
686 57
716 340
605 243
351 558
721 711
386 566
166 382
54 944
891 559
204 18
382 189
774 928
622 813
345 495
613 913
520 315
846 908
656 798
222 164
319 964
169 546
770 952
125 413
959 597
397 632
272 742
865 528
234 813
166 183
528 922
805 812
994 908
193 625
526 924
338 616
323 475
821 280
636 654
689 277
782 833
932 243
449 436
14 426
213 885
894 306
26 796
910 439
407 758
736 702
341 21
834 584
45 377
589 514
30 362
178 339
335 976
336 21
854 210
229 774
945 61
559 34
813 784
761 169
412 672
938 266
71 661
697 880
434 894
341 183
329 136
856 796
637 106
594 87
303 952
958 171
129 636
207 358
435 139
47 148
492 207
90 424
62 934
972 568
874 27
298 555
244 453
35 579
482 942
125 975
449 398
735 950
702 21
165 747
576 548
916 199
639 102
304 558
28 513
613 572
564 913
417 963
235 969
148 368
989 573
225 82
22 407
904 533
75 824
98 841
298 263
4 702
208 275
15 187
733 658
870 256
193 744
553 699
706 577
760 742
152 367
559 202
901 227
932 132
703 225
731 271
132 642
920 531
128 842
708 265
28 614
196 377
201 487
127 488
67 718
447 939
797 451
909 20
955 929
988 424
305 551
786 746
39 301
747 176
676 287
900 436
931 541
138 253
229 876
289 12
229 574
259 415
931 686
714 978
858 95
931 151
792 214
624 947
522 764
932 519
568 517
43 784
921 171
646 477
618 362
822 939
263 671
870 378
1 509
933 442
286 784
564 60
320 235
885 278
708 353
928 894
616 135
869 790
712 388
345 847
267 186
995 770
97 941
169 244
557 254
456 655
592 282
756 299
823 935
72 9
539 666
946 899
510 774
14 509
49 28
682 65
373 103
263 825
942 309
995 799
161 5
551 35
392 147
526 18
321 558
125 339
133 338
319 486
128 458
720 631
456 180
718 980
451 419
686 502
386 526
155 650
526 112
753 23
682 540
892 888
633 684
754 101
806 950
848 344
457 10
46 236
868 9
78 426
823 548
295 409
512 617
910 783
766 788
213 128
677 441
626 434
685 684
150 61
910 342
783 521
23 194
386 463
695 221
13 333
581 975
219 783
206 19
118 309
922 2
760 979
735 85
497 283
467 955
512 225
753 512
528 490
473 215
919 894
880 384
648 433
224 806
120 279
557 58
165 736
185 249
288 265
572 874
160 546
572 484
217 872
476 422
58 153
78 266
821 262
802 21
672 429
391 285
269 395
412 538
708 856
163 173
371 266
583 207
387 119
579 109
59 206
642 681
724 618
972 394
161 849
455 872
744 698
786 466
704 757
256 561
423 732
226 574
438 752
522 418
853 285
152 161
43 740
266 598
292 274
76 15
804 836
731 899
849 157
468 778
753 657
885 198
608 665
664 545
89 196
84 196
354 836
397 198
340 266
804 720
851 648
61 886
537 479
711 405
344 743
708 229
501 20
730 837
311 771
422 790
434 505
196 76
833 323
315 353
699 138
561 299
128 76
404 479
609 216
949 712
236 392
594 626
198 323
292 811
332 361
831 657
998 876
31 269
216 952
249 464
554 558
736 493
594 721
778 408
928 42
9 758
362 920
648 285
381 894
933 661
797 50
12 500
620 98
562 166
29 239
687 217
156 156
548 146
988 490
111 772
126 709
508 359
431 548
496 434
463 877
804 844
194 464
866 865
234 324
311 101
108 975
836 472
491 879
631 927
905 430
180 260
792 633
863 949
100 50
218 348
585 356
978 805
185 285
693 999
626 326
907 340
699 137
787 504
962 549
816 262
630 292
77 209
810 738
274 346
871 244
144 812
729 373
298 700
168 849
547 746
679 879
693 516
347 415
711 347
421 530
524 932
859 519
791 521
183 853
815 660
409 343
8 557
251 834
248 486
668 950
266 855
332 657
62 706
393 635
668 534
628 519
449 291
516 782
454 47
163 445
874 240
272 26
581 218
716 296
53 862
499 885
610 131
914 483
836 539
144 116
240 699
474 205
858 279
432 51
138 60
934 667
425 465
329 988
292 618
278 74
550 104
95 539
903 313
901 658
361 996
815 75
311 23
251 63
934 711
935 694
656 471
887 29
891 244
552 903
779 387
737 764
747 321
349 205
695 61
431 220
652 143
322 407
73 866
425 404
178 15
738 612
366 640
471 579
674 284
246 119
559 303
73 448
286 241
112 459
478 542
167 353
221 895
261 229
837 266
936 409
576 432
508 52
965 645
963 959
743 750
445 948
747 765
965 929
821 713
174 285
226 814
905 477
339 206
789 278
122 385
401 659
657 174
792 723
716 589
904 675
245 215
454 918
282 17
95 371
896 89
82 827
469 759
412 586
577 234
385 129
790 618
305 688
915 404
406 641
899 211
161 319
849 844
21 968
94 40
949 855
590 157
392 886
271 773
730 891
531 828
763 583
609 938
323 471
872 880
124 922
254 82
565 935
198 247
405 126
449 581
281 542
924 461
731 624
548 455
615 909
718 808
377 327
208 121
328 895
474 593
867 553
592 407
167 313
299 266
819 537
451 956
962 589
363 188
231 224
797 276
482 846
782 840
829 8
496 337
749 152
39 835
169 918
55 939
749 969
404 84
10 958
726 697
681 405
101 303
670 119
276 119
39 799
925 897
980 489
621 755
491 505
161 37
314 296
29 688
353 102
645 137
103 31
141 599
758 455
799 694
991 702
70 75
215 687
971 587
628 818
960 928
539 459
473 774
556 527
539 154
355 242
274 610
552 591
579 671
647 70
857 727
93 977
649 5
23 774
829 721
263 311
212 153
740 937
515 896
188 230
755 88
827 2
568 566
631 105
804 484
612 50
458 424
94 74
172 927
485 33
2 404
248 422
633 975
698 527
687 699
904 716
405 125
106 494
138 472
437 209
352 346
556 546
586 652
77 708
688 488
888 303
171 642
338 240
906 964
432 418
966 751
35 939
594 841
571 280
563 188
854 571
871 473
655 931
44 174
21 445
973 930
567 601
476 719
529 318
334 620
483 613
430 635
644 408
133 113
996 998
738 532
690 763
919 517
444 749
274 720
761 63
402 933
411 688
927 318
931 257
440 117
698 198
791 27
361 282
453 516
856 708
904 180
425 401
56 880
603 748
871 434
655 316
165 214
962 943
731 601
654 928
418 732
350 710
521 15
655 873
468 901
556 758
502 165
982 139
698 278
15 853
142 522
58 411
956 602
984 104
539 151
604 104
978 564
743 697
95 850
121 566
822 286
761 582
187 192
817 21
287 351
521 871
10 421
390 170
869 735
647 438
6 570
360 806
336 60
431 729
281 941
232 889
292 472
966 874
974 346
666 161
890 114
775 396
67 171
102 762
578 500
328 166
174 267
617 692
544 306
112 766
587 761
669 862
221 574
312 524
259 256
281 538
721 336
62 774
576 402
705 447
32 327
21 295
43 599
397 465
624 196
526 635
440 458
587 445
732 217
208 480
106 813
891 343
540 731
337 577
552 556
341 997
112 272
473 4
661 51
509 616
646 220
227 924
469 208
965 669
390 987
824 594
394 398
446 721
537 427
261 747
165 584
400 310
387 952
824 396
710 374
760 749
341 763
822 17
371 886
834 912
64 412
262 993
971 83
368 16
570 635
362 466
52 539
826 87
576 672
941 915
676 907
245 727
88 15
489 231
503 581
302 625
832 241
870 154
978 922
929 299
976 831
770 997
328 653
138 231
975 414
160 4
208 361
161 447
788 612
229 407
841 495
528 38
272 892
388 869
230 623
61 889
678 449
341 76
209 995
776 121
566 200
466 946
732 851
562 220
887 76
954 343
456 83
726 189
161 160
485 274
51 843
484 938
805 435
504 824
973 828
938 13
37 493
759 95
978 408
993 27
872 799
47 655
64 804
64 265
277 312
434 813
115 764
92 336
907 546
784 44
712 967
807 461
993 114
556 969
567 148
782 805
786 214
824 560
30 850
313 536
563 980
545 156
160 274
665 863
917 906
656 753
368 635
447 429
172 332
311 785
631 753
518 908
864 857
5 206
169 679
714 799
260 852
286 912
910 997
335 873
183 698
563 107
662 986
322 263
744 391
7 307
347 238
249 197
369 898
563 685
507 168
35 821
496 715
519 171
11 260
783 681
664 274
905 512
952 470
176 231
958 932
505 197
83 33
937 156
160 181
399 865
696 52
761 44
18 305
205 406
397 384
868 452
115 362
363 685
517 160
747 717
747 626
504 151
462 523
570 988
791 502
288 428
531 652
794 345
376 84
455 229
862 27
264 300
747 522
118 129
441 704
42 324
483 879
148 251
296 356
180 778
333 236
98 911
961 873
521 425
770 267
414 217
860 702
110 77
965 497
228 152
520 205
571 262
742 263
633 726
464 889
336 783
223 282
842 298
965 918
670 487
871 986
412 701
243 990
428 303
500 796
149 330
608 859
483 18
660 345
636 454
999 465
708 745
484 690
933 108
969 329
949 491
189 165
989 834
31 114
157 66
47 289
434 668
365 751
735 439
316 786
585 950
830 891
60 514
57 315
546 254
987 955
561 142
636 481
527 681
334 409
497 909
596 550
224 87
720 240
473 690
712 733
79 461
225 19
314 268
413 634
494 530
397 181
891 889
975 264
906 251
505 827
216 776
633 733
753 350
581 529
343 930
792 609
810 231
175 462
406 571
714 721
600 632
156 42
142 796
52 485
428 707
995 255
7 736
379 370
638 769
154 725
427 874
20 509
951 535
