1000 500000
26 266
187 384
951 712
914 105
148 252
22 985
521 657
482 987
532 161
373 140
594 205
812 511
530 829
446 475
189 394
638 1
285 329
205 265
443 530
348 593
856 302
896 932
353 460
563 712
705 587
55 746
716 872
300 292
837 984
379 507
997 248
331 650
951 500
692 770
565 401
644 447
378 867
582 320
295 152
309 581
473 431
495 378
104 264
547 748
276 463
864 494
140 608
186 574
891 894
565 799
591 105
736 580
855 863
516 629
831 536
170 259
423 735
746 759
55 969
882 916
789 710
104 548
621 119
60 838
467 869
565 301
775 873
833 500
346 332
911 66
404 160
646 107
481 545
116 859
628 824
585 368
531 4
348 213
16 335
254 65
336 577
56 49
596 103
717 850
794 366
366 228
626 201
893 10
414 474
448 730
259 899
353 151
89 195
304 582
955 871
801 895
341 423
247 488
944 598
359 285
386 324
844 206
544 904
681 367
479 883
756 683
854 74
609 342
21 278
525 992
572 207
260 268
835 179
218 797
221 427
899 7
656 16
407 750
13 810
482 147
730 243
753 567
298 882
804 225
108 775
281 713
883 846
557 864
72 380
513 13
326 346
892 836
973 371
411 808
851 198
108 621
62 668
287 501
699 65
138 984
795 973
238 898
233 775
795 587
921 735
108 413
260 957
89 959
340 712
307 276
986 30
439 170
714 892
612 249
582 783
609 555
336 129
231 416
848 212
985 425
948 83
925 198
728 34
241 764
43 301
861 564
498 350
662 109
280 585
580 954
147 78
108 200
236 334
326 912
930 245
625 947
488 53
505 509
590 63
299 39
345 776
85 274
376 166
503 756
170 38
809 208
807 662
680 104
192 616
86 670
539 483
545 496
561 461
377 785
553 950
51 244
897 727
791 600
252 780
543 363
319 720
983 984
563 1
928 662
749 529
493 438
944 273
549 365
525 664
617 642
965 373
578 378
662 997
738 948
596 688
771 679
855 694
566 41
205 86
493 380
891 371
35 254
100 683
376 281
917 223
962 229
135 115
120 537
351 435
516 216
752 573
799 219
911 555
845 690
806 652
987 448
973 134
456 409
899 891
107 159
586 894
532 74
161 559
269 190
175 432
356 480
225 109
158 430
993 700
583 830
931 467
887 574
411 781
700 240
817 323
55 138
196 838
341 610
78 911
275 204
340 453
410 286
371 971
197 366
775 422
929 545
710 314
898 85
763 1000
830 839
678 98
890 465
360 606
496 388
652 349
192 636
419 887
465 253
435 401
108 802
936 71
872 473
468 21
636 334
606 368
990 451
662 593
881 29
611 36
852 605
28 52
509 316
357 615
902 403
727 231
265 906
350 366
492 528
503 997
785 469
653 397
181 407
262 510
687 466
345 304
234 147
878 812
555 351
432 236
83 356
45 958
465 348
542 342
573 814
790 320
598 343
650 798
817 676
1 459
508 449
867 634
506 884
898 744
632 312
314 616
910 367
704 884
263 995
316 22
176 374
837 274
493 608
217 268
268 718
799 660
996 619
251 66
296 547
44 660
181 765
595 155
282 582
515 34
643 992
821 819
597 568
765 902
622 213
316 123
837 690
816 505
819 555
625 675
710 916
886 628
382 932
837 196
748 464
115 290
988 936
292 818
590 462
38 562
328 715
361 369
389 379
614 702
535 520
423 72
951 722
260 486
486 516
564 6
898 476
156 46
606 818
122 798
899 706
702 629
790 908
166 308
67 443
619 820
306 674
613 619
47 292
927 519
973 228
274 68
981 223
348 138
739 6
492 972
715 955
32 199
546 903
63 164
914 317
568 777
877 456
879 677
310 282
426 866
690 489
146 267
929 584
275 9
170 274
886 737
587 408
953 239
57 735
890 454
62 578
820 555
293 108
63 474
546 264
939 716
455 690
809 66
625 360
888 270
823 551
460 361
772 40
872 86
860 954
960 170
324 494
814 634
281 514
758 161
265 322
79 70
586 107
638 901
964 432
573 683
612 504
170 884
128 241
144 691
109 889
878 401
916 921
832 488
260 381
813 938
438 564
74 954
597 343
253 303
967 301
986 941
869 224
443 524
353 248
673 532
929 12
154 840
595 449
576 922
387 854
758 541
126 471
534 632
423 766
708 370
283 426
868 17
581 747
973 813
284 22
499 616
617 758
146 141
154 213
805 308
490 464
346 168
156 645
526 65
685 979
92 749
513 889
435 939
856 249
513 199
790 960
217 892
235 875
223 329
407 556
542 950
543 54
129 573
65 588
984 944
401 879
523 610
2 119
349 600
711 971
37 569
851 862
133 691
602 102
52 385
775 385
911 635
440 605
977 325
889 934
602 345
544 987
348 791
833 41
827 34
73 53
275 98
369 503
707 533
765 392
761 820
345 589
840 527
645 108
170 775
787 336
846 395
319 623
987 607
110 542
125 572
502 207
560 946
549 903
606 49
370 922
914 243
792 313
322 518
489 43
245 604
237 356
426 598
910 715
269 562
789 706
755 559
825 452
593 518
803 676
700 354
824 499
587 510
98 559
264 917
666 669
98 108
239 119
422 748
56 592
970 398
234 151
981 122
533 955
901 462
270 476
804 188
215 418
235 369
147 832
905 780
423 454
351 861
463 558
230 663
267 796
38 838
496 394
745 525
231 675
328 123
655 836
329 881
162 20
725 203
693 407
303 381
74 385
217 369
745 928
115 9
705 467
882 201
764 764
525 293
794 132
295 77
427 520
739 308
604 782
781 444
162 282
343 949
413 187
211 817
160 516
932 790
538 102
159 866
611 762
872 312
387 760
533 41
383 217
687 747
375 174
339 472
776 290
818 939
199 778
397 138
283 621
457 315
295 796
187 146
516 697
801 609
937 657
266 217
665 768
584 553
871 188
170 995
975 430
932 435
303 260
942 402
32 282
743 392
365 333
319 666
773 17
66 876
901 487
566 524
659 690
849 502
863 682
962 405
654 801
580 950
85 282
744 348
671 364
431 175
472 510
927 912
317 927
465 145
22 856
94 686
32 110
648 183
110 448
271 648
156 278
514 601
501 403
413 94
943 426
286 676
594 8
889 137
502 798
571 28
764 961
922 887
228 938
975 393
347 399
745 579
375 447
72 298
694 627
207 469
840 495
961 995
547 847
653 755
373 860
350 56
970 984
874 47
950 60
811 876
372 257
626 982
949 656
745 527
116 622
288 727
919 414
150 350
625 151
422 792
897 195
772 542
223 735
363 333
756 617
127 751
363 736
243 544
275 687
947 410
837 274
268 132
387 528
363 338
352 174
102 979
600 538
371 831
933 312
105 328
124 180
739 809
970 843
852 578
725 853
984 2
112 654
825 73
106 699
820 623
406 158
660 297
936 772
897 957
840 957
658 147
27 81
262 489
114 802
644 717
408 750
612 705
182 289
85 42
306 661
615 554
236 128
989 968
551 555
473 396
899 554
912 378
810 549
463 424
63 511
641 685
217 930
312 855
342 130
77 593
48 166
450 940
237 695
478 495
437 712
924 115
400 97
884 319
660 75
166 347
160 225
860 416
229 244
640 858
762 497
386 273
725 601
624 60
415 852
761 873
714 338
535 605
126 893
550 882
829 464
779 690
411 912
153 380
612 349
455 669
30 493
174 130
654 423
294 811
638 110
620 525
320 135
848 939
205 261
244 60
283 605
165 569
444 716
833 424
820 976
17 406
201 673
749 204
503 668
997 321
63 45
789 696
295 933
652 993
280 162
579 587
863 610
843 999
534 25
178 128
148 589
682 669
625 388
751 881
321 53
758 526
97 178
57 558
694 301
79 310
860 245
497 673
95 343
446 244
604 465
522 142
781 931
944 212
632 188
501 554
89 50
254 519
623 299
891 134
793 227
580 649
861 583
647 779
428 303
924 985
676 623
854 81
256 959
796 493
363 542
351 431
63 716
837 714
903 794
75 474
852 547
479 663
230 938
470 343
391 70
841 95
845 402
10 161
727 468
607 723
401 854
784 837
476 123
912 306
695 750
399 673
593 66
395 347
311 905
601 379
641 226
67 227
717 733
254 938
925 9
373 513
470 631
978 962
642 742
768 14
248 637
30 112
299 170
652 622
948 779
32 88
989 147
26 283
822 526
289 579
983 136
140 58
833 601
807 400
773 402
680 436
957 309
602 540
928 307
280 990
981 489
994 121
750 213
417 925
365 838
849 996
517 307
643 769
262 139
895 966
481 342
1000 431
501 762
77 173
588 834
985 240
893 347
219 746
154 653
660 656
380 730
454 408
311 439
941 333
462 356
680 460
245 232
911 562
419 396
211 759
975 428
638 731
165 750
896 600
396 955
815 310
218 240
426 866
412 656
362 873
196 531
313 834
602 121
279 14
669 511
696 565
180 465
190 242
354 285
616 105
666 493
484 418
426 901
928 112
179 905
636 907
82 608
470 893
103 762
544 193
917 108
73 229
899 581
357 840
725 990
928 140
998 647
574 436
482 923
894 743
721 83
939 318
331 166
51 197
244 871
264 924
238 92
438 922
812 827
680 77
484 155
