2000 100000
460 911
153 784
529 962
853 786
545 817
117 313
858 20
388 681
661 451
365 896
193 638
907 487
66 613
169 970
564 888
692 761
574 611
772 788
600 27
97 369
338 362
938 52
954 121
117 85
755 466
215 881
624 937
236 215
939 650
24 363
316 150
360 836
659 843
627 861
88 824
878 306
269 977
381 369
379 847
597 606
736 642
722 400
886 272
857 845
641 168
460 355
331 656
346 449
594 353
526 117
397 550
466 113
319 430
714 966
290 331
755 69
154 527
195 707
784 996
103 366
108 557
553 319
453 938
196 924
862 198
995 216
963 838
45 124
421 13
138 649
937 447
230 756
870 647
533 464
703 533
211 957
135 208
363 746
498 151
713 327
156 638
904 833
143 180
466 176
77 365
863 336
546 365
689 964
10 401
906 660
681 5
604 359
73 48
401 644
253 37
157 744
601 102
587 324
279 964
408 490
386 912
828 428
819 875
57 740
787 954
580 821
685 837
8 164
784 855
575 940
778 889
125 124
210 979
22 8
352 199
353 48
558 566
615 947
155 756
998 199
560 545
752 350
509 350
777 792
864 602
528 487
63 989
695 465
241 335
161 394
750 476
277 355
14 783
777 963
702 556
66 382
553 274
813 952
103 240
769 982
373 304
427 320
674 333
517 180
445 466
101 466
113 111
710 605
2 332
17 968
758 271
736 955
275 195
937 698
815 492
654 64
110 710
192 537
462 244
709 275
538 108
370 205
50 968
820 851
171 229
924 123
224 171
893 994
197 616
834 738
81 235
23 479
884 455
703 831
654 232
856 490
551 895
949 13
199 796
699 484
998 857
119 329
298 202
872 331
493 545
837 595
812 871
277 181
941 746
936 929
630 520
541 48
448 129
5 410
872 872
238 133
381 527
426 763
907 503
53 833
311 644
744 703
574 59
334 470
879 474
731 114
458 450
980 681
80 348
469 85
257 336
622 427
608 629
5 321
778 316
216 595
29 894
284 499
9 310
253 39
152 259
443 542
970 478
322 561
286 928
835 365
873 13
583 863
604 358
594 189
953 281
44 649
263 532
133 887
125 962
677 454
901 263
989 737
213 319
201 985
908 614
960 806
633 830
603 728
141 420
660 717
867 127
394 555
352 302
426 351
437 861
739 720
530 707
314 647
657 334
12 736
202 871
891 430
629 876
440 670
176 284
930 585
424 475
324 938
144 334
495 242
337 179
824 677
26 629
35 857
69 161
303 432
788 922
504 897
344 438
336 678
645 653
351 652
159 546
475 472
59 917
42 564
126 289
919 20
136 529
255 896
627 73
720 372
30 513
747 194
451 678
265 655
732 151
344 205
913 978
344 383
991 295
971 291
953 903
623 591
41 962
363 803
110 371
625 509
53 410
450 139
604 581
505 119
278 662
414 916
901 375
806 354
800 813
193 609
764 330
881 506
676 939
215 709
565 315
949 48
685 277
19 622
291 255
614 232
72 170
625 568
813 163
709 733
42 832
390 870
670 315
966 542
4 642
930 772
330 222
387 730
680 39
938 206
813 407
759 557
308 685
661 807
261 428
735 61
866 891
32 717
438 880
204 56
31 913
492 286
222 882
198 440
837 191
922 402
330 269
467 780
636 384
978 410
979 304
7 743
662 632
78 144
181 158
11 665
829 198
804 895
411 831
308 335
777 956
499 25
155 619
584 311
777 966
185 672
946 688
861 391
12 415
758 916
7 185
817 722
569 906
905 361
949 981
863 891
180 995
56 646
852 107
97 410
188 550
184 613
342 258
98 914
101 70
536 536
540 147
281 749
297 984
768 232
967 404
433 220
758 333
442 563
443 427
296 697
295 147
125 37
963 733
927 259
681 643
908 270
213 411
442 428
219 621
35 793
451 323
718 445
497 635
671 534
738 848
43 760
538 486
764 950
80 308
744 863
734 41
142 129
600 777
893 835
101 347
973 804
534 533
49 262
572 885
997 69
565 818
27 575
524 856
25 420
459 319
866 347
54 425
749 834
4 561
777 164
14 68
341 220
993 818
210 831
255 76
140 7
651 373
908 610
956 756
846 84
521 160
340 658
214 572
180 311
415 966
607 348
295 308
804 967
784 824
912 630
886 619
461 481
374 943
14 720
658 466
235 340
932 743
4 72
483 800
518 589
632 9
764 523
666 727
32 637
727 602
705 594
11 873
367 91
897 713
5 792
122 590
32 867
260 540
365 551
722 679
944 68
570 336
420 372
664 622
885 222
940 463
124 695
577 410
216 240
998 824
426 215
400 344
937 182
218 115
36 724
453 427
557 731
199 332
465 839
406 207
530 631
764 698
195 492
229 727
146 334
431 596
624 138
363 936
831 694
346 947
550 921
830 468
846 265
406 751
537 708
128 729
795 519
984 888
55 647
5 207
189 4
781 41
736 81
397 35
735 526
122 35
45 975
596 349
662 832
951 683
112 198
537 746
794 781
764 960
252 634
464 602
159 707
932 722
615 233
850 974
41 388
19 488
128 680
385 64
713 447
548 214
661 276
216 478
453 449
781 688
735 94
470 954
993 622
362 277
186 317
96 696
319 50
238 206
521 243
629 8
114 135
728 903
868 780
617 653
82 946
886 156
640 893
779 585
764 950
338 946
78 120
224 385
839 386
893 644
75 778
109 135
172 649
801 877
841 887
311 405
56 372
771 462
650 584
369 602
441 993
973 470
167 727
791 308
605 432
265 418
706 86
777 872
578 328
249 702
849 257
626 879
651 41
490 987
564 386
554 54
486 258
191 755
105 622
636 254
661 934
916 375
550 183
530 772
878 327
967 567
705 765
574 493
161 9
38 501
892 372
29 650
64 71
37 150
131 704
36 525
260 635
133 405
635 802
118 560
420 423
718 953
985 194
895 278
533 323
7 865
102 820
772 66
939 810
700 685
263 774
424 71
573 233
263 875
899 868
673 475
78 649
678 166
63 29
856 188
739 151
637 548
325 835
985 585
238 233
535 710
935 172
120 940
501 305
938 79
313 86
501 327
655 156
584 402
294 787
946 491
73 768
206 25
383 780
821 866
150 650
819 387
83 402
895 495
810 556
820 352
557 811
972 72
934 957
383 383
524 523
794 108
325 762
127 396
19 539
922 977
505 921
874 906
630 768
910 419
303 447
832 210
986 542
589 812
634 642
898 313
489 58
870 525
246 124
492 292
452 931
116 25
777 510
899 102
746 972
897 956
608 981
877 829
324 730
683 506
676 789
903 818
71 169
538 718
434 370
63 883
213 287
744 785
470 11
112 675
497 445
921 715
104 699
29 769
700 803
24 348
996 392
1 983
292 587
362 671
7 554
723 658
370 397
678 354
586 831
27 102
670 893
532 524
554 713
95 743
551 323
608 730
281 111
504 965
798 244
703 867
146 888
178 282
239 398
605 488
670 495
283 649
626 106
604 709
434 391
90 104
508 592
453 116
368 184
689 660
230 428
110 596
399 491
218 188
116 132
725 138
35 296
188 184
313 81
32 13
223 649
369 883
344 68
671 581
440 351
242 322
741 284
279 770
476 561
901 323
921 481
782 164
195 230
242 19
282 569
170 530
416 211
201 102
245 685
611 566
79 32
124 411
6 387
844 205
663 592
104 626
634 684
83 219
493 934
297 915
341 388
458 459
733 683
822 533
899 544
161 366
377 920
535 533
63 530
299 924
494 600
176 868
309 999
151 746
939 930
347 786
97 670
192 25
16 159
245 223
42 240
154 912
686 409
421 804
509 386
274 630
753 869
304 981
38 145
442 263
800 964
126 92
757 12
730 231
182 374
978 291
786 88
24 21
137 960
423 926
545 868
88 175
791 851
653 852
467 10
523 655
490 254
836 266
42 166
50 247
349 156
930 518
167 534
879 87
14 307
627 711
429 195
720 327
977 647
450 93
652 304
940 941
915 712
922 662
71 27
509 643
257 897
514 805
279 984
643 619
272 977
819 337
158 886
857 796
205 793
826 867
223 291
980 598
119 263
499 123
3 716
881 807
227 87
983 254
914 859
236 376
501 722
367 901
841 427
949 168
428 679
758 490
627 874
914 496
982 571
774 931
904 919
433 162
342 179
903 188
567 753
517 36
583 485
465 977
215 439
36 510
629 549
564 820
682 878
903 178
523 796
936 943
895 553
822 113
986 607
580 123
669 130
771 284
124 76
148 656
855 339
374 353
275 411
672 835
96 637
259 355
244 517
68 8
627 920
234 53
202 981
19 103
974 712
427 785
1000 726
918 409
66 64
632 790
718 305
988 590
440 992
542 348
507 730
832 410
219 579
77 128
219 280
594 436
440 967
132 130
9 410
626 62
62 803
514 226
304 827
128 631
914 174
550 999
799 8
870 950
383 728
883 972
431 171
997 647
92 624
231 448
392 437
795 605
298 948
898 78
855 116
60 827
302 120
187 436
94 778
337 58
683 325
650 905
630 391
175 561
309 145
255 737
362 122
658 985
901 89
578 650
559 424
608 639
521 159
151 561
385 232
798 716
225 833
144 410
435 774
708 394
795 204
445 228
286 410
164 932
764 986
146 646
577 600
907 569
505 824
128 404
479 777
932 827
148 228
576 781
991 987
26 946
862 683
978 399
819 802
161 994
13 596
990 602
406 882
560 685
504 296
249 519
673 973
673 638
418 908
129 392
826 794
934 464
639 302
137 178
46 354
742 258
525 86
380 861
480 995
199 529
225 886
890 583
100 681
126 571
710 835
324 267
131 617
961 611
944 142
369 500
411 848
220 513
660 94
300 927
168 731
689 740
530 726
979 273
973 606
136 370
279 604
339 288
215 118
501 566
782 808
52 958
259 432
99 475
424 428
723 211
807 336
240 129
280 769
808 377
313 380
31 86
128 82
522 902
341 373
372 967
913 851
275 121
751 609
635 819
214 307
883 913
725 979
699 233
174 884
962 481
235 232
835 939
850 304
583 908
133 408
331 808
449 626
699 903
125 507
703 786
878 86
512 772
754 543
447 893
53 674
528 751
381 802
901 920
883 225
795 130
589 312
913 795
823 143
784 153
32 211
273 521
490 588
321 841
86 937
601 109
326 794
355 23
93 684
152 111
290 496
655 394
369 652
19 2
399 798
740 228
859 914
783 486
914 125
820 567
118 939
146 210
991 305
87 533
2 65
209 759
913 164
944 237
310 736
367 617
309 244
340 477
675 950
340 939
183 404
779 338
2 129
370 877
210 739
90 230
540 446
953 820
459 916
775 303
335 929
66 222
613 325
103 468
459 915
67 872
574 50
417 401
842 973
737 999
886 545
456 654
671 257
471 232
934 861
618 155
621 22
415 132
658 119
91 201
461 834
724 12
401 976
654 707
419 524
446 340
65 818
837 526
1000 667
60 543
255 891
519 175
636 180
967 826
11 105
870 405
852 226
626 89
296 844
450 152
495 508
145 846
851 296
322 495
87 923
596 8
872 502
846 877
181 333
277 467
231 521
651 372
738 275
360 382
888 237
126 779
948 314
585 61
249 378
182 216
75 998
329 239
377 718
962 2
575 602
632 551
841 347
196 696
455 953
826 516
150 89
928 777
319 146
132 995
693 896
795 789
621 84
879 376
196 872
499 719
367 865
785 954
879 507
247 75
285 476
404 49
828 903
891 395
422 715
690 5
586 435
798 230
647 857
286 533
389 363
343 187
607 8
615 539
468 677
569 53
250 160
466 80
789 4
776 883
994 134
495 23
266 108
254 57
79 325
167 3
907 818
162 713
394 359
937 747
846 899
726 627
433 379
804 721
680 718
735 577
844 261
704 742
299 684
444 249
11 885
146 152
233 965
224 18
882 397
367 986
853 516
848 788
843 62
896 876
499 919
263 208
270 1000
648 13
684 22
872 706
348 489
896 940
646 905
208 490
383 666
641 478
232 111
352 564
964 488
684 813
292 164
413 489
604 225
721 274
817 232
801 917
290 687
379 713
19 660
900 730
600 535
209 541
779 877
372 648
593 680
354 521
768 784
525 739
870 333
426 290
87 79
851 133
586 494
126 63
11 512
494 891
729 728
13 292
691 737
398 80
626 689
65 243
758 577
867 730
58 854
593 948
935 741
697 32
730 846
524 540
787 643
902 340
117 922
829 108
634 853
756 387
528 307
235 302
263 208
40 61
635 379
543 770
193 256
367 151
573 374
300 582
440 211
157 119
53 708
323 146
797 642
907 339
61 668
677 312
792 273
124 74
244 49
667 498
993 264
154 386
985 770
439 660
372 455
42 270
677 690
13 913
843 772
833 711
748 870
754 617
989 241
353 803
610 270
881 749
411 877
372 49
196 464
599 775
656 35
339 676
468 625
127 509
297 365
310 943
113 809
600 651
901 98
968 157
918 897
843 615
520 584
190 967
265 43
806 923
736 370
444 154
867 969
18 161
485 523
202 904
614 725
206 17
87 954
918 772
235 873
144 613
30 237
171 191
141 171
454 18
147 821
77 835
234 629
39 29
503 934
841 651
14 878
373 259
126 389
206 931
649 143
952 903
773 681
819 988
247 486
132 718
443 859
976 836
586 54
324 907
346 698
587 629
305 709
339 623
915 502
338 367
502 949
955 209
20 414
192 371
658 214
271 207
197 446
912 509
928 602
102 682
812 226
949 81
137 407
633 274
323 998
752 964
130 416
952 670
158 825
143 947
248 82
496 281
271 287
236 591
963 838
875 387
324 412
714 586
617 355
373 767
610 41
775 305
669 283
187 685
218 845
893 958
384 455
870 630
548 271
924 973
250 513
731 477
877 694
351 48
312 719
193 946
542 881
38 39
429 414
659 403
171 976
431 681
224 535
412 330
738 927
293 797
92 144
819 543
780 582
781 226
398 328
349 100
222 486
130 897
547 733
463 808
574 287
477 198
115 222
273 319
692 899
864 297
68 524
414 300
919 431
133 256
177 91
476 372
945 829
160 981
208 182
127 193
138 784
393 379
301 866
560 358
286 821
385 907
680 611
843 557
718 839
466 941
650 366
764 851
824 494
366 695
850 829
34 152
738 268
346 275
591 240
424 158
580 408
136 110
718 265
245 365
481 905
714 368
269 397
788 183
492 473
967 683
745 754
245 358
599 9
919 935
584 321
352 341
218 541
424 357
818 413
698 934
540 340
685 78
743 51
735 856
667 542
792 184
396 466
370 335
293 757
603 362
810 853
367 500
367 914
970 357
310 517
260 360
691 950
104 830
236 214
289 980
127 690
534 414
790 278
835 881
685 218
890 920
915 677
926 88
93 807
979 724
88 657
324 578
937 935
516 8
308 63
870 929
255 195
17 256
315 303
418 877
598 702
144 819
182 357
647 121
65 501
830 988
147 2
142 344
212 271
843 102
611 577
22 969
390 376
668 600
360 144
463 577
446 880
863 301
122 709
706 434
934 517
617 21
168 174
950 504
178 321
263 735
57 783
711 603
760 852
224 980
152 529
21 442
859 948
10 554
918 421
254 521
709 920
724 269
456 22
191 260
55 143
805 632
249 433
200 144
35 313
357 748
714 197
921 291
594 720
110 806
351 211
780 499
718 279
762 895
167 899
381 890
617 947
339 651
401 234
893 305
332 405
580 30
946 341
485 115
287 719
363 107
818 895
381 455
816 470
135 296
509 858
666 821
950 501
147 624
180 754
187 202
384 52
959 378
932 915
802 280
877 783
513 118
866 264
953 547
319 20
134 871
44 31
39 101
491 487
359 131
518 661
885 116
716 474
471 755
250 816
229 423
761 900
207 523
816 213
404 812
343 480
15 317
259 399
1 737
270 967
433 723
484 429
478 564
851 197
205 307
665 391
741 620
961 386
411 947
630 730
372 824
989 56
637 28
17 81
216 7
282 701
719 457
122 166
876 508
464 11
939 323
476 368
33 663
47 284
327 214
167 353
607 728
511 121
383 664
976 717
99 566
580 511
227 709
850 830
389 904
917 239
721 941
465 438
714 88
742 692
705 937
562 818
875 957
589 930
339 279
505 598
196 700
38 704
419 328
998 44
394 864
285 664
669 909
187 603
807 376
700 59
346 346
75 684
56 684
70 353
122 829
397 652
186 80
937 748
469 298
446 76
544 756
541 641
836 991
486 802
876 234
531 145
235 531
989 926
593 404
201 370
869 801
5 147
106 654
760 574
889 235
595 34
172 481
894 814
238 66
721 525
57 342
851 573
530 665
42 227
251 223
901 319
133 844
610 371
228 612
446 795
61 547
309 152
247 772
190 473
107 610
50 625
88 320
367 959
128 575
694 846
540 372
574 26
652 502
689 649
203 732
801 558
511 757
235 794
709 342
385 28
231 328
847 731
456 473
809 162
581 57
694 538
727 565
765 371
328 264
743 67
209 483
452 523
288 486
716 15
388 978
198 344
649 444
84 271
352 140
183 572
454 663
33 77
747 344
670 928
310 451
399 716
505 142
753 691
225 919
965 556
47 36
613 913
602 8
878 240
778 484
507 769
512 5
229 767
44 418
315 325
617 238
608 409
365 258
771 807
816 766
838 708
796 204
503 698
394 771
83 120
158 954
570 586
225 435
194 261
31 764
655 396
290 38
616 406
855 44
860 922
215 29
973 970
832 646
458 543
866 127
703 702
772 859
271 257
373 871
191 89
134 881
346 579
933 290
23 84
562 283
231 928
530 85
779 608
256 528
631 496
276 353
992 509
14 153
125 263
852 35
241 961
559 956
788 356
523 964
85 185
493 648
966 361
90 787
865 96
663 317
462 423
517 883
923 807
352 274
564 275
516 397
980 269
327 151
935 375
8 211
19 733
744 677
300 222
468 50
885 566
891 143
496 492
173 317
910 255
862 821
607 346
733 703
18 924
161 814
664 711
981 621
990 104
81 866
506 101
272 489
311 287
740 445
320 81
330 522
576 268
632 303
193 722
638 560
402 596
416 590
541 973
442 180
105 568
622 816
592 712
121 619
891 197
177 794
263 839
313 257
39 894
553 236
31 415
524 291
369 342
34 347
587 155
29 452
519 82
518 696
183 114
781 28
230 952
94 421
770 638
806 503
549 743
365 733
712 788
