500 1000000
430 874
655 342
787 932
605 721
463 701
831 125
69 843
354 939
480 775
986 204
517 353
923 393
275 875
717 948
56 825
815 391
276 684
367 669
527 868
654 347
500 829
583 430
623 663
381 298
346 924
73 242
805 37
672 443
598 27
809 380
510 507
272 935
323 328
622 405
302 908
241 34
887 162
783 754
848 502
411 18
136 326
820 434
390 221
361 220
668 46
748 463
514 996
761 822
699 540
623 1
307 119
136 651
197 388
340 866
718 809
334 521
171 395
939 794
449 789
942 928
461 913
72 567
241 343
895 522
124 853
200 793
188 930
506 513
73 636
96 87
640 261
179 621
704 723
487 21
199 618
962 159
307 635
364 247
182 891
129 887
666 923
384 599
247 822
4 479
814 68
549 800
900 370
649 615
16 959
776 513
262 245
626 362
813 307
174 299
545 33
165 190
731 365
362 482
551 703
427 222
745 834
194 935
506 485
490 750
511 293
168 98
294 904
789 402
750 686
638 312
828 785
344 536
510 951
398 98
104 582
519 459
33 736
946 18
303 718
282 804
193 564
591 280
330 330
556 237
842 282
973 701
823 291
430 932
522 693
538 201
35 356
279 148
224 783
763 83
409 240
276 841
860 640
109 344
782 11
707 806
448 762
351 942
218 392
934 83
745 544
929 794
494 333
42 789
551 589
948 859
749 987
119 564
383 619
162 570
875 942
750 519
860 370
525 573
392 751
932 179
355 705
825 184
554 840
937 168
851 26
819 347
810 314
28 700
906 591
682 577
856 219
661 824
871 755
997 223
241 517
128 383
585 551
580 156
217 347
904 13
346 383
611 683
391 576
67 689
14 145
842 6
789 129
624 821
141 151
27 963
859 564
700 453
489 873
236 103
121 81
848 169
372 115
199 972
861 522
315 486
514 995
120 385
144 322
457 280
594 110
646 808
617 578
467 978
800 239
595 432
827 574
450 115
477 775
633 514
160 104
275 729
376 869
185 516
706 273
669 699
38 669
102 266
100 693
410 196
535 65
402 313
516 388
184 545
701 925
599 106
961 167
368 270
100 700
537 938
797 597
436 250
563 352
210 696
315 841
394 104
918 516
595 275
441 124
790 32
977 6
108 805
820 359
745 474
410 583
956 786
500 94
530 362
21 369
693 681
654 263
869 962
93 123
938 891
745 249
420 905
144 566
527 402
261 836
991 34
704 428
403 678
592 934
871 183
300 265
197 451
793 162
798 908
922 991
367 745
751 812
389 884
297 731
9 727
913 153
804 494
799 661
989 558
977 629
901 197
849 233
740 856
75 378
386 132
513 938
731 390
256 329
470 78
609 930
108 408
485 137
880 814
992 55
980 943
34 640
117 259
528 512
526 422
639 407
912 380
650 768
916 906
497 456
489 737
175 703
178 23
868 572
177 479
630 845
146 888
783 155
250 9
141 145
988 159
654 247
305 14
761 736
749 572
504 976
840 593
201 312
524 56
490 932
43 729
245 204
369 414
30 576
502 823
765 556
271 34
256 750
433 41
538 483
242 144
552 445
762 44
716 429
798 644
113 464
10 661
667 187
510 719
689 930
94 268
244 643
632 87
812 142
538 177
682 17
276 512
291 951
898 707
26 755
927 483
196 42
474 851
499 765
874 11
282 413
291 270
919 226
196 439
982 891
878 632
889 712
567 219
711 241
198 481
726 300
347 160
895 315
804 258
368 84
709 534
827 222
173 170
944 217
822 409
18 834
566 588
727 782
349 854
251 239
924 473
367 488
819 205
625 288
154 216
984 533
203 794
632 414
395 567
297 700
652 378
353 454
830 95
409 776
728 968
30 519
458 572
604 496
174 434
638 810
162 993
711 934
517 337
37 347
608 202
81 815
195 661
903 76
190 860
28 828
80 536
687 97
4 353
709 689
680 148
705 985
807 795
850 880
552 697
846 494
15 57
317 770
301 760
972 708
180 794
58 38
155 376
78 4
592 766
647 985
715 631
84 125
570 422
240 663
909 723
70 551
379 352
777 888
666 893
465 42
735 165
125 924
604 887
809 772
294 779
345 541
517 500
739 866
791 504
379 971
312 413
326 317
617 432
526 423
164 51
930 571
266 539
599 570
934 31
845 547
902 606
65 690
288 261
277 733
37 286
145 334
857 877
176 152
510 682
668 29
449 612
841 232
567 165
269 526
533 872
513 36
771 287
753 423
260 598
289 519
812 473
410 542
495 928
162 145
625 615
76 953
349 337
82 207
616 549
587 519
998 52
94 998
267 863
